8.339000000000000057e+01
1.160100000000000051e+02
1.176299999999999955e+02
1.566299999999999955e+02
1.441200000000000045e+02
7.826999999999999602e+01
1.442700000000000102e+02
1.176299999999999955e+02
2.143100000000000023e+02
1.386399999999999864e+02
1.341500000000000057e+02
3.961800000000000068e+02
3.220899999999999750e+02
1.468600000000000136e+02
3.070099999999999909e+02
1.928700000000000045e+02
3.254100000000000250e+02
1.831399999999999864e+02
3.289900000000000091e+02
1.479000000000000057e+02
1.168700000000000045e+02
1.767199999999999989e+02
1.944799999999999898e+02
2.014699999999999989e+02
1.557599999999999909e+02
1.651999999999999886e+02
1.691800000000000068e+02
2.045800000000000125e+02
2.324399999999999977e+02
1.447400000000000091e+02
1.444399999999999977e+02
1.438400000000000034e+02
1.440500000000000114e+02
1.473199999999999932e+02
1.481599999999999966e+02
1.449000000000000057e+02
1.519000000000000057e+02
1.423799999999999955e+02
1.444600000000000080e+02
1.542700000000000102e+02
1.474199999999999875e+02
1.441100000000000136e+02
1.552599999999999909e+02
3.192099999999999795e+02
4.034700000000000273e+02
2.586200000000000045e+02
3.143199999999999932e+02
1.399699999999999989e+02
1.131299999999999955e+02
1.000000000000000000e+02
1.704300000000000068e+02
1.704300000000000068e+02
1.512599999999999909e+02
1.967299999999999898e+02
1.429900000000000091e+02
1.430000000000000000e+02
1.658100000000000023e+02
3.886399999999999864e+02
2.986999999999999886e+02
2.594700000000000273e+02
3.477799999999999727e+02
2.986999999999999886e+02
2.986999999999999886e+02
2.621399999999999864e+02
3.138199999999999932e+02
3.932400000000000091e+02
2.485200000000000102e+02
3.356499999999999773e+02
1.731800000000000068e+02
1.731800000000000068e+02
3.648100000000000023e+02
4.145799999999999841e+02
3.356200000000000045e+02
3.173600000000000136e+02
2.957900000000000205e+02
2.997599999999999909e+02
3.089599999999999795e+02
2.164099999999999966e+02
3.054900000000000091e+02
2.186800000000000068e+02
2.189000000000000057e+02
2.449300000000000068e+02
4.371000000000000227e+02
3.321100000000000136e+02
2.851499999999999773e+02
2.186800000000000068e+02
2.343400000000000034e+02
3.054900000000000091e+02
3.182699999999999818e+02
2.724800000000000182e+02
2.726600000000000250e+02
2.467800000000000011e+02
1.241200000000000045e+02
1.559499999999999886e+02
8.487999999999999545e+01
2.851100000000000136e+02
2.933000000000000114e+02
8.090000000000000568e+01
7.884000000000000341e+01
2.479900000000000091e+02
7.907999999999999829e+01
1.040199999999999960e+02
1.055100000000000051e+02
1.900900000000000034e+02
1.039000000000000057e+02
1.039000000000000057e+02
9.890000000000000568e+01
2.542800000000000011e+02
8.010999999999999943e+01
1.071500000000000057e+02
1.069899999999999949e+02
9.531999999999999318e+01
2.447899999999999920e+02
7.884000000000000341e+01
2.145399999999999920e+02
1.039000000000000057e+02
2.145399999999999920e+02
2.086100000000000136e+02
5.731000000000000227e+01
6.336999999999999744e+01
5.731000000000000227e+01
6.448000000000000398e+01
6.120000000000000284e+01
7.529000000000000625e+01
6.340999999999999659e+01
7.632999999999999829e+01
5.767000000000000171e+01
6.132000000000000028e+01
6.132000000000000028e+01
5.764000000000000057e+01
5.957999999999999829e+01
6.261999999999999744e+01
5.515999999999999659e+01
5.460000000000000142e+01
5.415999999999999659e+01
5.143999999999999773e+01
5.422999999999999687e+01
5.542000000000000171e+01
5.460000000000000142e+01
5.214999999999999858e+01
5.257000000000000028e+01
5.221000000000000085e+01
5.520000000000000284e+01
5.500000000000000000e+01
5.685999999999999943e+01
5.214999999999999858e+01
5.214999999999999858e+01
5.024000000000000199e+01
4.642000000000000171e+01
4.834000000000000341e+01
5.121000000000000085e+01
5.121000000000000085e+01
4.002000000000000313e+01
5.121000000000000085e+01
5.121000000000000085e+01
4.146000000000000085e+01
4.584000000000000341e+01
5.109000000000000341e+01
5.121000000000000085e+01
5.722999999999999687e+01
6.698999999999999488e+01
5.664000000000000057e+01
5.715999999999999659e+01
5.664000000000000057e+01
5.664000000000000057e+01
5.404999999999999716e+01
6.645000000000000284e+01
5.303999999999999915e+01
3.892999999999999972e+01
3.878999999999999915e+01
3.282000000000000028e+01
4.200000000000000000e+01
4.604999999999999716e+01
4.817999999999999972e+01
4.625999999999999801e+01
3.910000000000000142e+01
4.168999999999999773e+01
4.817999999999999972e+01
3.282000000000000028e+01
3.672999999999999687e+01
4.604999999999999716e+01
4.334000000000000341e+01
4.238000000000000256e+01
3.910000000000000142e+01
3.910000000000000142e+01
4.307999999999999829e+01
4.604999999999999716e+01
6.704000000000000625e+01
6.931000000000000227e+01
7.881999999999999318e+01
6.456000000000000227e+01
6.742000000000000171e+01
7.976000000000000512e+01
6.743999999999999773e+01
6.415000000000000568e+01
6.656999999999999318e+01
7.131000000000000227e+01
6.776000000000000512e+01
6.032999999999999829e+01
7.968999999999999773e+01
6.656999999999999318e+01
6.776000000000000512e+01
6.868999999999999773e+01
8.021999999999999886e+01
8.153000000000000114e+01
7.434999999999999432e+01
6.321999999999999886e+01
8.332999999999999829e+01
9.100000000000000000e+01
8.021999999999999886e+01
8.021999999999999886e+01
6.065999999999999659e+01
6.739000000000000057e+01
6.760999999999999943e+01
6.762000000000000455e+01
6.809000000000000341e+01
7.434999999999999432e+01
6.671999999999999886e+01
6.851999999999999602e+01
7.739000000000000057e+01
1.111200000000000045e+02
6.009000000000000341e+01
6.278000000000000114e+01
5.754999999999999716e+01
5.089000000000000057e+01
5.839000000000000057e+01
6.876999999999999602e+01
6.092000000000000171e+01
5.142999999999999972e+01
6.310999999999999943e+01
6.310999999999999943e+01
4.232000000000000028e+01
4.703999999999999915e+01
6.309000000000000341e+01
4.600000000000000000e+01
6.179999999999999716e+01
5.000000000000000000e+01
6.084000000000000341e+01
6.132000000000000028e+01
6.132000000000000028e+01
5.846000000000000085e+01
6.034000000000000341e+01
6.684000000000000341e+01
4.693999999999999773e+01
4.099000000000000199e+01
6.684000000000000341e+01
6.684000000000000341e+01
4.096000000000000085e+01
6.604999999999999716e+01
7.306999999999999318e+01
6.493999999999999773e+01
4.082999999999999829e+01
3.706000000000000227e+01
6.684000000000000341e+01
3.693999999999999773e+01
4.397999999999999687e+01
3.670000000000000284e+01
6.448999999999999488e+01
6.507999999999999829e+01
3.535999999999999943e+01
5.440999999999999659e+01
6.760999999999999943e+01
3.878000000000000114e+01
4.025999999999999801e+01
4.227000000000000313e+01
4.706000000000000227e+01
4.227000000000000313e+01
4.025999999999999801e+01
4.025999999999999801e+01
8.296999999999999886e+01
4.956000000000000227e+01
7.710999999999999943e+01
7.710999999999999943e+01
9.265999999999999659e+01
8.090000000000000568e+01
5.403999999999999915e+01
7.859999999999999432e+01
7.554000000000000625e+01
1.118199999999999932e+02
7.312000000000000455e+01
7.640000000000000568e+01
5.585000000000000142e+01
4.209000000000000341e+01
7.295999999999999375e+01
7.840000000000000568e+01
4.704999999999999716e+01
4.995000000000000284e+01
6.360999999999999943e+01
4.764999999999999858e+01
7.710999999999999943e+01
4.563000000000000256e+01
6.086999999999999744e+01
6.404000000000000625e+01
4.496999999999999886e+01
6.740000000000000568e+01
4.625999999999999801e+01
3.642000000000000171e+01
3.979999999999999716e+01
4.654999999999999716e+01
4.182000000000000028e+01
3.967999999999999972e+01
5.414999999999999858e+01
4.704999999999999716e+01
6.132999999999999829e+01
5.453000000000000114e+01
5.343999999999999773e+01
7.676999999999999602e+01
5.222999999999999687e+01
4.314000000000000057e+01
4.228000000000000114e+01
4.352000000000000313e+01
4.785000000000000142e+01
6.501999999999999602e+01
4.515999999999999659e+01
3.989000000000000057e+01
4.617000000000000171e+01
6.640999999999999659e+01
4.997999999999999687e+01
6.640999999999999659e+01
6.650000000000000000e+01
4.177000000000000313e+01
4.954999999999999716e+01
4.206000000000000227e+01
6.579000000000000625e+01
5.538000000000000256e+01
6.640999999999999659e+01
4.725000000000000000e+01
4.206000000000000227e+01
4.204999999999999716e+01
3.989999999999999858e+01
4.874000000000000199e+01
4.943999999999999773e+01
4.204999999999999716e+01
5.371999999999999886e+01
4.357000000000000028e+01
6.665999999999999659e+01
4.767999999999999972e+01
4.427000000000000313e+01
4.764999999999999858e+01
3.953999999999999915e+01
4.529999999999999716e+01
4.204999999999999716e+01
4.725000000000000000e+01
4.206000000000000227e+01
4.425000000000000000e+01
6.640999999999999659e+01
8.706000000000000227e+01
1.042399999999999949e+02
6.731999999999999318e+01
6.292999999999999972e+01
8.545999999999999375e+01
8.398999999999999488e+01
9.759000000000000341e+01
8.423999999999999488e+01
1.010100000000000051e+02
1.040600000000000023e+02
1.045499999999999972e+02
9.229000000000000625e+01
1.071099999999999994e+02
9.229000000000000625e+01
1.050699999999999932e+02
9.229000000000000625e+01
9.787999999999999545e+01
6.327000000000000313e+01
8.112999999999999545e+01
6.246999999999999886e+01
1.053199999999999932e+02
6.357999999999999829e+01
6.804999999999999716e+01
6.495000000000000284e+01
6.931000000000000227e+01
8.676999999999999602e+01
9.418999999999999773e+01
8.448000000000000398e+01
8.226000000000000512e+01
8.859999999999999432e+01
1.279699999999999989e+02
8.912000000000000455e+01
7.939000000000000057e+01
8.106999999999999318e+01
8.985999999999999943e+01
9.156999999999999318e+01
1.163799999999999955e+02
7.459000000000000341e+01
1.503499999999999943e+02
9.259000000000000341e+01
1.503499999999999943e+02
9.437999999999999545e+01
1.503499999999999943e+02
1.237300000000000040e+02
9.731000000000000227e+01
1.945399999999999920e+02
1.661699999999999875e+02
1.857100000000000080e+02
2.209600000000000080e+02
2.232599999999999909e+02
3.315899999999999750e+02
3.073000000000000114e+02
1.833000000000000114e+02
3.263600000000000136e+02
2.261599999999999966e+02
2.943700000000000045e+02
2.232599999999999909e+02
2.232599999999999909e+02
2.631600000000000250e+02
1.916899999999999977e+02
2.736000000000000227e+02
1.832899999999999920e+02
1.235900000000000034e+02
2.809100000000000250e+02
2.252100000000000080e+02
2.498600000000000136e+02
2.278300000000000125e+02
1.868400000000000034e+02
2.016899999999999977e+02
1.986699999999999875e+02
1.305399999999999920e+02
2.079499999999999886e+02
1.943100000000000023e+02
1.141200000000000045e+02
1.105400000000000063e+02
1.895500000000000114e+02
1.157900000000000063e+02
1.382899999999999920e+02
1.570099999999999909e+02
1.682700000000000102e+02
1.385000000000000000e+02
9.748999999999999488e+01
1.614199999999999875e+02
2.613999999999999773e+02
1.005900000000000034e+02
1.569799999999999898e+02
8.926999999999999602e+01
9.421999999999999886e+01
1.554600000000000080e+02
7.809999999999999432e+01
7.840000000000000568e+01
7.379000000000000625e+01
8.278000000000000114e+01
9.798000000000000398e+01
7.684999999999999432e+01
1.092600000000000051e+02
7.809999999999999432e+01
7.840000000000000568e+01
7.289000000000000057e+01
6.103999999999999915e+01
6.328999999999999915e+01
4.810999999999999943e+01
6.410999999999999943e+01
6.225999999999999801e+01
5.970000000000000284e+01
6.109000000000000341e+01
4.359000000000000341e+01
5.047999999999999687e+01
4.346000000000000085e+01
5.047999999999999687e+01
7.707999999999999829e+01
4.353999999999999915e+01
1.130699999999999932e+02
9.123000000000000398e+01
1.058199999999999932e+02
8.195999999999999375e+01
1.055300000000000011e+02
1.096599999999999966e+02
8.915000000000000568e+01
9.554000000000000625e+01
9.068999999999999773e+01
7.756000000000000227e+01
6.440000000000000568e+01
6.639000000000000057e+01
7.873000000000000398e+01
4.457999999999999829e+01
7.240000000000000568e+01
7.090000000000000568e+01
4.645000000000000284e+01
6.329999999999999716e+01
6.189000000000000057e+01
6.189000000000000057e+01
6.189000000000000057e+01
5.570000000000000284e+01
4.125000000000000000e+01
5.864999999999999858e+01
6.189000000000000057e+01
5.864999999999999858e+01
4.632000000000000028e+01
5.042000000000000171e+01
4.570000000000000284e+01
4.567000000000000171e+01
4.567000000000000171e+01
6.490999999999999659e+01
5.042000000000000171e+01
4.960000000000000142e+01
5.042000000000000171e+01
5.042000000000000171e+01
4.570000000000000284e+01
4.570000000000000284e+01
4.570000000000000284e+01
7.431999999999999318e+01
7.051999999999999602e+01
7.759000000000000341e+01
7.592000000000000171e+01
6.645000000000000284e+01
7.740000000000000568e+01
7.584999999999999432e+01
6.378999999999999915e+01
7.626000000000000512e+01
7.084999999999999432e+01
9.120999999999999375e+01
6.184000000000000341e+01
9.409999999999999432e+01
1.699499999999999886e+02
2.480699999999999932e+02
2.254000000000000057e+02
1.028499999999999943e+02
8.898000000000000398e+01
1.066800000000000068e+02
6.138000000000000256e+01
6.157999999999999829e+01
8.089000000000000057e+01
6.184000000000000341e+01
2.738899999999999864e+02
8.232999999999999829e+01
1.369600000000000080e+02
1.103199999999999932e+02
7.046999999999999886e+01
9.184999999999999432e+01
7.276000000000000512e+01
6.934999999999999432e+01
7.184999999999999432e+01
1.077600000000000051e+02
6.706000000000000227e+01
9.904999999999999716e+01
9.718000000000000682e+01
8.964000000000000057e+01
6.728000000000000114e+01
8.470999999999999375e+01
8.470999999999999375e+01
7.548999999999999488e+01
7.775000000000000000e+01
7.279999999999999716e+01
8.654000000000000625e+01
1.053499999999999943e+02
7.328000000000000114e+01
1.011599999999999966e+02
7.295000000000000284e+01
7.595000000000000284e+01
7.295000000000000284e+01
9.323999999999999488e+01
6.709000000000000341e+01
7.295000000000000284e+01
7.462000000000000455e+01
7.331000000000000227e+01
9.126999999999999602e+01
8.740000000000000568e+01
9.954999999999999716e+01
8.467000000000000171e+01
9.954000000000000625e+01
8.582999999999999829e+01
8.829999999999999716e+01
8.770000000000000284e+01
7.534999999999999432e+01
1.036800000000000068e+02
8.004999999999999716e+01
9.970999999999999375e+01
9.773000000000000398e+01
8.828000000000000114e+01
8.812999999999999545e+01
8.828000000000000114e+01
9.606000000000000227e+01
7.709999999999999432e+01
1.125000000000000000e+02
9.132999999999999829e+01
8.978000000000000114e+01
1.000499999999999972e+02
8.767000000000000171e+01
1.007099999999999937e+02
7.878000000000000114e+01
7.989000000000000057e+01
9.681000000000000227e+01
9.437000000000000455e+01
1.315800000000000125e+02
1.553700000000000045e+02
1.315800000000000125e+02
9.881999999999999318e+01
1.009200000000000017e+02
8.578000000000000114e+01
9.664000000000000057e+01
9.731999999999999318e+01
9.407999999999999829e+01
8.839000000000000057e+01
1.016500000000000057e+02
9.451999999999999602e+01
1.226200000000000045e+02
8.839000000000000057e+01
1.221400000000000006e+02
1.404300000000000068e+02
1.004899999999999949e+02
1.358700000000000045e+02
9.504000000000000625e+01
1.330900000000000034e+02
1.160400000000000063e+02
1.000199999999999960e+02
8.793000000000000682e+01
9.498999999999999488e+01
1.041299999999999955e+02
8.468999999999999773e+01
1.238700000000000045e+02
1.287800000000000011e+02
1.083299999999999983e+02
8.589000000000000057e+01
1.081400000000000006e+02
7.532999999999999829e+01
7.600000000000000000e+01
8.018000000000000682e+01
8.242000000000000171e+01
7.981999999999999318e+01
8.820999999999999375e+01
8.406000000000000227e+01
8.354999999999999716e+01
7.943000000000000682e+01
9.989000000000000057e+01
9.834999999999999432e+01
9.764000000000000057e+01
8.806000000000000227e+01
1.025600000000000023e+02
1.029099999999999966e+02
7.043000000000000682e+01
7.015999999999999659e+01
9.181000000000000227e+01
9.756000000000000227e+01
9.834999999999999432e+01
7.089000000000000057e+01
9.181000000000000227e+01
1.096099999999999994e+02
1.094300000000000068e+02
1.033700000000000045e+02
8.189000000000000057e+01
1.116099999999999994e+02
7.292000000000000171e+01
9.129000000000000625e+01
7.287999999999999545e+01
1.051599999999999966e+02
6.995000000000000284e+01
6.995000000000000284e+01
6.995000000000000284e+01
8.385999999999999943e+01
7.725000000000000000e+01
7.284000000000000341e+01
6.995000000000000284e+01
1.073400000000000034e+02
1.090600000000000023e+02
1.067000000000000028e+02
1.063299999999999983e+02
1.106299999999999955e+02
1.102600000000000051e+02
9.923000000000000398e+01
8.287999999999999545e+01
1.302400000000000091e+02
8.560999999999999943e+01
1.121500000000000057e+02
1.761500000000000057e+02
1.390600000000000023e+02
1.190499999999999972e+02
9.239000000000000057e+01
1.556500000000000057e+02
1.461500000000000057e+02
2.015000000000000000e+02
1.195699999999999932e+02
1.747800000000000011e+02
1.127500000000000000e+02
1.125699999999999932e+02
1.065799999999999983e+02
1.648700000000000045e+02
3.438000000000000256e+01
3.470000000000000284e+01
3.414000000000000057e+01
4.217999999999999972e+01
3.546999999999999886e+01
4.878000000000000114e+01
4.181000000000000227e+01
4.049000000000000199e+01
9.878000000000000114e+01
5.107000000000000028e+01
1.081800000000000068e+02
5.761999999999999744e+01
5.531000000000000227e+01
5.107000000000000028e+01
4.734000000000000341e+01
6.967000000000000171e+01
5.107000000000000028e+01
5.107000000000000028e+01
1.026400000000000006e+02
6.434999999999999432e+01
5.107000000000000028e+01
9.173000000000000398e+01
7.106000000000000227e+01
7.625000000000000000e+01
7.448999999999999488e+01
8.540999999999999659e+01
7.909000000000000341e+01
7.832999999999999829e+01
7.828000000000000114e+01
7.379000000000000625e+01
7.350000000000000000e+01
9.429000000000000625e+01
7.350000000000000000e+01
2.589999999999999858e+01
2.008999999999999986e+01
3.329999999999999716e+01
3.078000000000000114e+01
3.443999999999999773e+01
3.078000000000000114e+01
5.635999999999999943e+01
2.867000000000000171e+01
4.529999999999999716e+01
2.753000000000000114e+01
3.568999999999999773e+01
5.524000000000000199e+01
5.896999999999999886e+01
2.751999999999999957e+01
2.439000000000000057e+01
4.371000000000000085e+01
3.677000000000000313e+01
4.835999999999999943e+01
4.557999999999999829e+01
3.217000000000000171e+01
3.677000000000000313e+01
3.677000000000000313e+01
3.674000000000000199e+01
5.422999999999999687e+01
4.906000000000000227e+01
4.321999999999999886e+01
2.473000000000000043e+01
3.936999999999999744e+01
1.442999999999999972e+01
1.630999999999999872e+01
1.714999999999999858e+01
2.598000000000000043e+01
9.089999999999999858e+00
1.178999999999999915e+01
2.082999999999999829e+01
2.314999999999999858e+01
1.597000000000000064e+01
1.710999999999999943e+01
1.635000000000000142e+01
1.782000000000000028e+01
2.026999999999999957e+01
1.679999999999999938e+00
1.178999999999999915e+01
1.361999999999999922e+01
9.230000000000000426e+00
4.407000000000000028e+01
5.867999999999999972e+01
5.028999999999999915e+01
3.709000000000000341e+01
6.217000000000000171e+01
3.800999999999999801e+01
4.396999999999999886e+01
3.975000000000000000e+01
5.236999999999999744e+01
6.428000000000000114e+01
9.614000000000000057e+01
1.083700000000000045e+02
5.009000000000000341e+01
4.179999999999999716e+01
4.968999999999999773e+01
3.975000000000000000e+01
4.100999999999999801e+01
6.131000000000000227e+01
8.356999999999999318e+01
5.657000000000000028e+01
4.293999999999999773e+01
5.818999999999999773e+01
3.502000000000000313e+01
4.420000000000000284e+01
3.942000000000000171e+01
6.385000000000000142e+01
4.213000000000000256e+01
3.502000000000000313e+01
4.352000000000000313e+01
5.818999999999999773e+01
5.828000000000000114e+01
6.540999999999999659e+01
5.650999999999999801e+01
4.475000000000000000e+01
4.211999999999999744e+01
2.667999999999999972e+01
3.278999999999999915e+01
4.703999999999999915e+01
2.955999999999999872e+01
1.169999999999999929e+01
4.030000000000000249e+00
2.955999999999999872e+01
3.828000000000000114e+01
4.679999999999999716e+01
1.857000000000000028e+01
3.828000000000000114e+01
2.523999999999999844e+01
1.766000000000000014e+01
3.021000000000000085e+01
4.032999999999999829e+01
2.339000000000000057e+01
4.032999999999999829e+01
2.344999999999999929e+01
8.599999999999999645e+00
1.468999999999999950e+01
8.599999999999999645e+00
1.178999999999999915e+01
2.808999999999999986e+01
9.560000000000000497e+00
7.200000000000000178e+00
6.879999999999999893e+00
1.123000000000000043e+01
4.389999999999999680e+00
1.123000000000000043e+01
3.200000000000000178e+00
1.951000000000000156e+01
1.901999999999999957e+01
3.281000000000000227e+01
3.709000000000000341e+01
3.310000000000000142e+01
1.898000000000000043e+01
4.303999999999999915e+01
3.625000000000000000e+01
2.707000000000000028e+01
2.657000000000000028e+01
2.992000000000000171e+01
2.385000000000000142e+01
1.580000000000000071e+01
4.522999999999999687e+01
2.107000000000000028e+01
1.214000000000000057e+01
2.539999999999999858e+01
6.849999999999999645e+00
1.575999999999999979e+01
1.181000000000000050e+01
2.575000000000000000e+01
2.344000000000000128e+01
1.575999999999999979e+01
1.131000000000000050e+01
1.241999999999999993e+01
2.069000000000000128e+01
1.293999999999999950e+01
1.216999999999999993e+01
2.575000000000000000e+01
1.030000000000000071e+01
1.575999999999999979e+01
2.344000000000000128e+01
9.284999999999999432e+01
1.254800000000000040e+02
1.391100000000000136e+02
1.945500000000000114e+02
2.109099999999999966e+02
1.185400000000000063e+02
3.264900000000000091e+02
1.975800000000000125e+02
1.357199999999999989e+02
8.256999999999999318e+01
1.867400000000000091e+02
6.526999999999999602e+01
1.068799999999999955e+02
2.420999999999999943e+02
1.815200000000000102e+02
8.487999999999999545e+01
2.994999999999999929e+01
5.857999999999999829e+01
6.035999999999999943e+01
3.033999999999999986e+01
4.729999999999999716e+01
6.693999999999999773e+01
7.629000000000000625e+01
3.028999999999999915e+01
5.993999999999999773e+01
2.055000000000000071e+01
2.307999999999999829e+01
4.552000000000000313e+01
2.694000000000000128e+01
2.526000000000000156e+01
2.925000000000000000e+01
2.526000000000000156e+01
1.559999999999999964e+01
2.694000000000000128e+01
3.582000000000000028e+01
2.526000000000000156e+01
1.930000000000000071e+01
3.000000000000000000e+01
2.219999999999999929e+01
3.582000000000000028e+01
3.510999999999999943e+01
2.694000000000000128e+01
3.510999999999999943e+01
2.307000000000000028e+01
1.991000000000000014e+01
2.912000000000000099e+01
3.368999999999999773e+01
1.889999999999999858e+01
1.225000000000000000e+01
6.382999999999999829e+01
5.686999999999999744e+01
6.818999999999999773e+01
6.007000000000000028e+01
4.640999999999999659e+01
5.267999999999999972e+01
6.365999999999999659e+01
5.267999999999999972e+01
5.945000000000000284e+01
4.818999999999999773e+01
6.496999999999999886e+01
5.686999999999999744e+01
2.360000000000000142e+01
3.920000000000000284e+01
2.153000000000000114e+01
2.360000000000000142e+01
8.695000000000000284e+01
9.870999999999999375e+01
8.646999999999999886e+01
7.192000000000000171e+01
7.151000000000000512e+01
8.632999999999999829e+01
6.971999999999999886e+01
6.965999999999999659e+01
6.328000000000000114e+01
7.160999999999999943e+01
5.359000000000000341e+01
8.790999999999999659e+01
5.353999999999999915e+01
8.765999999999999659e+01
6.331000000000000227e+01
7.503000000000000114e+01
7.123000000000000398e+01
7.245999999999999375e+01
7.853000000000000114e+01
7.853000000000000114e+01
4.160000000000000142e+00
2.310000000000000053e+00
4.160000000000000142e+00
1.876999999999999957e+01
1.402999999999999936e+01
4.160000000000000142e+00
1.233999999999999986e+01
1.879999999999999893e+00
1.574000000000000021e+01
5.080000000000000071e+00
1.489000000000000057e+01
1.432000000000000028e+01
1.812000000000000099e+01
5.080000000000000071e+00
1.319999999999999929e+01
1.406000000000000050e+01
1.233000000000000007e+01
1.222000000000000064e+01
1.685999999999999943e+01
1.541000000000000014e+01
6.209999999999999964e+00
8.660000000000000142e+00
3.689999999999999947e+00
6.139999999999999680e+00
4.910000000000000142e+00
6.139999999999999680e+00
6.139999999999999680e+00
6.139999999999999680e+00
8.339999999999999858e+00
2.640000000000000124e+00
1.689000000000000057e+01
8.929999999999999716e+00
8.019999999999999574e+00
1.689000000000000057e+01
7.209999999999999964e+00
1.730000000000000071e+01
1.306699999999999875e+02
1.291999999999999886e+02
1.075999999999999943e+02
1.691999999999999886e+02
1.109500000000000028e+02
1.053599999999999994e+02
1.791200000000000045e+02
2.825899999999999750e+02
2.729800000000000182e+02
3.397900000000000205e+02
4.106299999999999955e+02
2.974499999999999886e+02
1.095300000000000011e+02
1.349399999999999977e+02
1.218499999999999943e+02
1.638600000000000136e+02
1.767700000000000102e+02
1.771399999999999864e+02
1.813199999999999932e+02
1.771399999999999864e+02
1.991699999999999875e+02
1.638600000000000136e+02
1.907700000000000102e+02
1.810200000000000102e+02
1.512100000000000080e+02
1.585099999999999909e+02
1.591399999999999864e+02
1.629199999999999875e+02
1.599300000000000068e+02
1.439600000000000080e+02
3.427099999999999795e+02
3.658600000000000136e+02
3.026600000000000250e+02
3.470500000000000114e+02
3.658600000000000136e+02
2.304799999999999898e+02
1.629300000000000068e+02
1.533799999999999955e+02
2.198499999999999943e+02
1.370099999999999909e+02
1.600200000000000102e+02
1.567100000000000080e+02
2.648399999999999750e+02
1.825600000000000023e+02
3.611200000000000045e+02
2.542500000000000000e+02
1.600099999999999909e+02
1.888100000000000023e+02
1.555699999999999932e+02
1.562400000000000091e+02
1.541100000000000136e+02
1.594499999999999886e+02
9.173999999999999488e+01
1.456800000000000068e+02
1.446899999999999977e+02
1.215400000000000063e+02
2.134900000000000091e+02
8.762999999999999545e+01
1.109899999999999949e+02
1.085300000000000011e+02
1.128599999999999994e+02
1.360200000000000102e+02
1.359799999999999898e+02
1.356299999999999955e+02
8.762999999999999545e+01
2.488799999999999955e+02
1.574399999999999977e+02
1.479099999999999966e+02
1.708100000000000023e+02
1.539699999999999989e+02
2.327299999999999898e+02
1.666500000000000057e+02
1.570000000000000000e+02
1.490500000000000114e+02
1.762899999999999920e+02
1.598799999999999955e+02
1.522899999999999920e+02
1.529799999999999898e+02
1.488400000000000034e+02
1.521699999999999875e+02
1.678499999999999943e+02
1.739799999999999898e+02
1.954499999999999886e+02
1.656999999999999886e+02
1.481699999999999875e+02
1.579399999999999977e+02
1.954499999999999886e+02
1.699199999999999875e+02
1.618499999999999943e+02
1.729600000000000080e+02
1.985600000000000023e+02
1.918400000000000034e+02
1.581399999999999864e+02
1.702800000000000011e+02
1.819499999999999886e+02
1.548300000000000125e+02
1.584900000000000091e+02
1.810099999999999909e+02
1.690800000000000125e+02
1.941599999999999966e+02
2.616800000000000068e+02
2.425399999999999920e+02
1.726599999999999966e+02
1.971500000000000057e+02
2.006299999999999955e+02
1.644199999999999875e+02
1.553400000000000034e+02
2.435800000000000125e+02
2.445500000000000114e+02
2.363899999999999864e+02
2.458899999999999864e+02
1.799099999999999966e+02
1.866800000000000068e+02
1.691399999999999864e+02
1.631200000000000045e+02
1.864600000000000080e+02
1.864600000000000080e+02
1.650000000000000000e+02
1.650000000000000000e+02
1.542199999999999989e+02
2.460600000000000023e+02
3.568899999999999864e+02
1.669499999999999886e+02
2.147899999999999920e+02
1.720600000000000023e+02
1.989300000000000068e+02
1.904399999999999977e+02
2.579499999999999886e+02
2.540900000000000034e+02
2.610799999999999841e+02
3.382799999999999727e+02
3.568899999999999864e+02
2.267599999999999909e+02
1.305999999999999943e+02
1.753700000000000045e+02
1.893899999999999864e+02
2.597400000000000091e+02
2.954399999999999977e+02
2.568199999999999932e+02
2.930099999999999909e+02
2.730099999999999909e+02
2.356299999999999955e+02
2.552299999999999898e+02
2.947599999999999909e+02
2.947599999999999909e+02
2.483100000000000023e+02
2.515999999999999943e+02
4.068299999999999841e+02
2.646200000000000045e+02
2.562099999999999795e+02
3.172300000000000182e+02
4.068299999999999841e+02
3.766299999999999955e+02
1.738000000000000114e+02
1.839000000000000057e+02
1.552500000000000000e+02
1.557800000000000011e+02
1.844399999999999977e+02
1.549600000000000080e+02
1.590099999999999909e+02
1.749099999999999966e+02
1.655200000000000102e+02
1.844399999999999977e+02
1.727400000000000091e+02
1.608100000000000023e+02
1.624600000000000080e+02
2.181800000000000068e+02
1.986999999999999886e+02
1.425000000000000000e+02
1.566599999999999966e+02
3.071700000000000159e+02
1.795699999999999932e+02
1.511899999999999977e+02
2.645500000000000114e+02
2.643000000000000114e+02
1.439000000000000057e+02
1.974799999999999898e+02
1.570699999999999932e+02
2.311599999999999966e+02
1.355399999999999920e+02
1.484499999999999886e+02
1.682199999999999989e+02
2.311599999999999966e+02
1.600000000000000000e+02
1.528499999999999943e+02
1.474600000000000080e+02
1.665300000000000011e+02
1.321800000000000068e+02
1.429600000000000080e+02
1.484499999999999886e+02
1.621699999999999875e+02
2.073000000000000114e+02
2.641600000000000250e+02
3.373700000000000045e+02
3.590600000000000023e+02
3.195400000000000205e+02
3.715199999999999818e+02
2.596999999999999886e+02
2.923899999999999864e+02
4.850400000000000205e+02
2.625000000000000000e+02
2.573299999999999841e+02
3.148899999999999864e+02
5.085099999999999909e+02
3.116700000000000159e+02
4.408500000000000227e+02
3.102699999999999818e+02
3.102400000000000091e+02
3.129300000000000068e+02
3.032900000000000205e+02
2.561899999999999977e+02
3.347400000000000091e+02
2.504000000000000057e+02
3.455199999999999818e+02
2.460699999999999932e+02
3.852400000000000091e+02
2.355399999999999920e+02
3.425600000000000023e+02
2.689499999999999886e+02
2.742699999999999818e+02
2.502299999999999898e+02
3.684900000000000091e+02
3.413399999999999750e+02
