2.085099999999999909e+02
5.629999999999999716e+01
1.502899999999999920e+02
2.678000000000000114e+01
1.039200000000000017e+02
1.204200000000000017e+02
8.950000000000000000e+01
2.854700000000000273e+02
2.106500000000000057e+02
2.156500000000000057e+02
6.389999999999999680e+00
1.493300000000000125e+02
1.165400000000000063e+02
2.427199999999999989e+02
6.240999999999999659e+01
1.091099999999999994e+02
1.159200000000000017e+02
8.450000000000000000e+01
1.443400000000000034e+02
3.835000000000000142e+01
2.590799999999999841e+02
3.225000000000000000e+01
2.466299999999999955e+02
1.400500000000000114e+02
3.226399999999999864e+02
3.855799999999999841e+02
3.901800000000000068e+02
2.346899999999999977e+02
2.305300000000000011e+02
2.592999999999999972e+01
5.309000000000000341e+01
7.162999999999999545e+01
3.256000000000000227e+01
2.332999999999999829e+01
1.923400000000000034e+02
6.990999999999999659e+01
5.929999999999999716e+01
6.289000000000000057e+01
4.015999999999999659e+01
1.761899999999999977e+02
9.762000000000000455e+01
1.001500000000000057e+02
3.191899999999999977e+02
7.309999999999999432e+01
7.398000000000000398e+01
2.358999999999999986e+01
5.895000000000000284e+01
3.635999999999999943e+01
3.815999999999999659e+01
5.889999999999999858e+01
5.196000000000000085e+01
5.929999999999999716e+01
5.895000000000000284e+01
5.052000000000000313e+01
5.920000000000000284e+01
7.446999999999999886e+01
8.093999999999999773e+01
1.907700000000000102e+02
2.949499999999999886e+02
2.379600000000000080e+02
2.626999999999999957e+01
2.417000000000000171e+01
2.994000000000000128e+01
2.958999999999999986e+01
5.206000000000000227e+01
7.359000000000000341e+01
7.464000000000000057e+01
7.904000000000000625e+01
3.854999999999999716e+01
6.704999999999999716e+01
7.318999999999999773e+01
2.431299999999999955e+02
2.473199999999999932e+02
2.392100000000000080e+02
2.348700000000000045e+02
2.494799999999999898e+02
2.499099999999999966e+02
2.457500000000000000e+02
1.028499999999999943e+02
1.011099999999999994e+02
1.004000000000000057e+02
1.095900000000000034e+02
1.199800000000000040e+02
1.066999999999999993e+01
2.990000000000000213e+00
1.879999999999999893e+00
7.599999999999999645e+00
1.441299999999999955e+02
1.445800000000000125e+02
1.445200000000000102e+02
7.034999999999999432e+01
6.598000000000000398e+01
6.470999999999999375e+01
6.232000000000000028e+01
6.238000000000000256e+01
7.037000000000000455e+01
6.984999999999999432e+01
6.806999999999999318e+01
7.039000000000000057e+01
6.681999999999999318e+01
6.021000000000000085e+01
5.492999999999999972e+01
5.492999999999999972e+01
5.492999999999999972e+01
6.253999999999999915e+01
5.929999999999999716e+01
6.074000000000000199e+01
3.967999999999999972e+01
3.920000000000000284e+01
3.875000000000000000e+01
3.875000000000000000e+01
3.875000000000000000e+01
3.875000000000000000e+01
3.925999999999999801e+01
3.903000000000000114e+01
3.917000000000000171e+01
3.882999999999999829e+01
3.721000000000000085e+01
3.935999999999999943e+01
3.997999999999999687e+01
3.904999999999999716e+01
3.867000000000000171e+01
3.897999999999999687e+01
3.864000000000000057e+01
3.677000000000000313e+01
3.917000000000000171e+01
3.934000000000000341e+01
3.932999999999999829e+01
3.935999999999999943e+01
4.098700000000000045e+02
4.076200000000000045e+02
4.076200000000000045e+02
4.053799999999999955e+02
4.077900000000000205e+02
4.145699999999999932e+02
4.098000000000000114e+02
4.106999999999999886e+02
4.099700000000000273e+02
4.868999999999999773e+02
4.898199999999999932e+02
4.873600000000000136e+02
1.035199999999999960e+02
1.035199999999999960e+02
1.062699999999999960e+02
1.311299999999999955e+02
1.100600000000000023e+02
1.097399999999999949e+02
1.067199999999999989e+02
4.136999999999999744e+01
5.500000000000000000e+01
5.561999999999999744e+01
3.998100000000000023e+02
3.986600000000000250e+02
3.978000000000000114e+02
1.374000000000000057e+02
1.395399999999999920e+02
6.082999999999999829e+01
6.715000000000000568e+01
6.448000000000000398e+01
6.456999999999999318e+01
6.448000000000000398e+01
6.410999999999999943e+01
6.437000000000000455e+01
5.086999999999999744e+01
5.040999999999999659e+01
5.278000000000000114e+01
6.034000000000000341e+01
5.842999999999999972e+01
5.753999999999999915e+01
5.903999999999999915e+01
5.813000000000000256e+01
5.788000000000000256e+01
5.839000000000000057e+01
5.827000000000000313e+01
5.128000000000000114e+01
4.953000000000000114e+01
6.056000000000000227e+01
6.059000000000000341e+01
6.057000000000000028e+01
5.861999999999999744e+01
5.750000000000000000e+01
5.642000000000000171e+01
5.792999999999999972e+01
5.807000000000000028e+01
5.817000000000000171e+01
5.689000000000000057e+01
5.618999999999999773e+01
5.525999999999999801e+01
5.578000000000000114e+01
5.409000000000000341e+01
5.481000000000000227e+01
5.590999999999999659e+01
5.903000000000000114e+01
5.903000000000000114e+01
5.817999999999999972e+01
5.715999999999999659e+01
5.475999999999999801e+01
5.714999999999999858e+01
5.896000000000000085e+01
6.072999999999999687e+01
5.871999999999999886e+01
6.521999999999999886e+01
6.640000000000000568e+01
6.520999999999999375e+01
6.367000000000000171e+01
6.506000000000000227e+01
4.147999999999999687e+01
4.839000000000000057e+01
4.785000000000000142e+01
4.946000000000000085e+01
4.906000000000000227e+01
4.753999999999999915e+01
2.310999999999999943e+01
3.595199999999999818e+02
3.495000000000000000e+02
3.569100000000000250e+02
3.498299999999999841e+02
3.498299999999999841e+02
8.009999999999999432e+01
8.495000000000000284e+01
8.487999999999999545e+01
7.831999999999999318e+01
6.981999999999999318e+01
8.281000000000000227e+01
7.579000000000000625e+01
7.095000000000000284e+01
6.690000000000000568e+01
7.626000000000000512e+01
7.370999999999999375e+01
4.446000000000000085e+01
4.520000000000000284e+01
4.829999999999999716e+01
4.879999999999999716e+01
4.003999999999999915e+01
4.840999999999999659e+01
6.943000000000000682e+01
6.957999999999999829e+01
6.937999999999999545e+01
6.934000000000000341e+01
6.962000000000000455e+01
6.965000000000000568e+01
6.970000000000000284e+01
6.979999999999999716e+01
6.840000000000000568e+01
6.834999999999999432e+01
6.929000000000000625e+01
6.884999999999999432e+01
6.850000000000000000e+01
6.881999999999999318e+01
7.140999999999999659e+01
7.042000000000000171e+01
7.028000000000000114e+01
7.003000000000000114e+01
6.987999999999999545e+01
7.107999999999999829e+01
6.576000000000000512e+01
7.098000000000000398e+01
7.089000000000000057e+01
7.104000000000000625e+01
7.123999999999999488e+01
7.009000000000000341e+01
6.709000000000000341e+01
6.885999999999999943e+01
6.556000000000000227e+01
6.790000000000000568e+01
6.820000000000000284e+01
6.848999999999999488e+01
6.840999999999999659e+01
6.807999999999999829e+01
6.798999999999999488e+01
6.818000000000000682e+01
6.828000000000000114e+01
6.820999999999999375e+01
6.820999999999999375e+01
6.807999999999999829e+01
6.801999999999999602e+01
6.804999999999999716e+01
6.806999999999999318e+01
6.640999999999999659e+01
6.554999999999999716e+01
6.504999999999999716e+01
6.521999999999999886e+01
6.609000000000000341e+01
6.514000000000000057e+01
6.412000000000000455e+01
6.498000000000000398e+01
6.700000000000000000e+01
6.429999999999999716e+01
6.498999999999999488e+01
6.110000000000000142e+01
1.869000000000000128e+01
1.456000000000000050e+01
1.267999999999999972e+01
1.825000000000000000e+01
4.946999999999999886e+01
3.570099999999999909e+02
2.078100000000000023e+02
1.942700000000000102e+02
7.182999999999999829e+01
6.410999999999999943e+01
1.116500000000000057e+02
1.099800000000000040e+02
7.068000000000000682e+01
7.150000000000000000e+01
7.206999999999999318e+01
6.834999999999999432e+01
6.862000000000000455e+01
6.706000000000000227e+01
7.356999999999999318e+01
7.112999999999999545e+01
6.892000000000000171e+01
7.984999999999999432e+01
7.329000000000000625e+01
2.106500000000000057e+02
1.794699999999999989e+02
9.935999999999999943e+01
2.552899999999999920e+02
1.610300000000000011e+02
2.690899999999999750e+02
1.020999999999999943e+02
2.472400000000000091e+02
2.534900000000000091e+02
3.114999999999999858e+01
1.049599999999999937e+02
5.304999999999999716e+01
5.581000000000000227e+01
2.231200000000000045e+02
2.190300000000000011e+02
2.303199999999999932e+02
1.544900000000000091e+02
1.554600000000000080e+02
2.305099999999999909e+02
2.083799999999999955e+02
1.698400000000000034e+02
1.629600000000000080e+02
2.457000000000000028e+01
1.051599999999999966e+02
3.775000000000000000e+01
3.731000000000000227e+01
3.731000000000000227e+01
3.690999999999999659e+01
3.779999999999999716e+01
3.814999999999999858e+01
3.820000000000000284e+01
3.810999999999999943e+01
3.772999999999999687e+01
3.772999999999999687e+01
3.767000000000000171e+01
3.767000000000000171e+01
3.742000000000000171e+01
3.522999999999999687e+01
3.703999999999999915e+01
3.703999999999999915e+01
1.030699999999999932e+02
1.064200000000000017e+02
1.065900000000000034e+02
1.327400000000000091e+02
1.008799999999999955e+02
1.194599999999999937e+02
3.084200000000000159e+02
3.092799999999999727e+02
3.092799999999999727e+02
3.103299999999999841e+02
1.471699999999999875e+02
1.498400000000000034e+02
1.168100000000000023e+02
6.039000000000000057e+01
3.850999999999999801e+01
2.442299999999999898e+02
1.804600000000000080e+02
3.333199999999999932e+02
1.475399999999999920e+02
2.787200000000000273e+02
2.468799999999999955e+02
1.549000000000000057e+02
1.779799999999999898e+02
1.831599999999999966e+02
2.882400000000000091e+02
2.452800000000000011e+02
2.365099999999999909e+02
1.035300000000000011e+02
1.423700000000000045e+02
3.650400000000000205e+02
2.893999999999999773e+02
1.297400000000000091e+02
2.215600000000000023e+02
7.300000000000000000e+01
1.531999999999999886e+02
4.660000000000000142e+01
2.230500000000000114e+02
1.508300000000000125e+02
3.749000000000000199e+01
3.749000000000000199e+01
2.326999999999999957e+01
2.326999999999999957e+01
2.512999999999999901e+01
2.512999999999999901e+01
2.241000000000000014e+01
2.241000000000000014e+01
3.327000000000000313e+01
3.577000000000000313e+01
3.577000000000000313e+01
2.203999999999999915e+01
2.166000000000000014e+01
2.212999999999999901e+01
2.212999999999999901e+01
2.407000000000000028e+01
2.407000000000000028e+01
2.157000000000000028e+01
2.144000000000000128e+01
3.478000000000000114e+01
2.130999999999999872e+01
2.671999999999999886e+01
7.501000000000000512e+01
7.762000000000000455e+01
7.389000000000000057e+01
7.529000000000000625e+01
3.871999999999999886e+01
2.921000000000000085e+01
2.921000000000000085e+01
8.853000000000000114e+01
2.448000000000000043e+01
2.448000000000000043e+01
8.571999999999999886e+01
8.373999999999999488e+01
2.053000000000000114e+01
2.160999999999999943e+01
2.212000000000000099e+01
2.269000000000000128e+01
1.125000000000000000e+01
6.189999999999999858e+01
6.360999999999999943e+01
3.885999999999999943e+01
3.845000000000000284e+01
4.040999999999999659e+01
3.639999999999999858e+01
8.503000000000000114e+01
7.901000000000000512e+01
7.909000000000000341e+01
7.910999999999999943e+01
8.304999999999999716e+01
8.281999999999999318e+01
8.207999999999999829e+01
8.029999999999999716e+01
8.498999999999999488e+01
8.373999999999999488e+01
8.092000000000000171e+01
7.931000000000000227e+01
1.673199999999999932e+02
1.674699999999999989e+02
1.679300000000000068e+02
7.153000000000000114e+01
5.946000000000000085e+01
2.771000000000000085e+01
2.555999999999999872e+01
2.567000000000000171e+01
2.716000000000000014e+01
2.514099999999999966e+02
1.106500000000000057e+02
1.098700000000000045e+02
1.106599999999999966e+02
1.071700000000000017e+02
1.100999999999999943e+02
1.102600000000000051e+02
1.101800000000000068e+02
5.752000000000000313e+01
1.180999999999999943e+02
1.186500000000000057e+02
5.732000000000000028e+01
4.204999999999999716e+01
3.971999999999999886e+01
5.714000000000000057e+01
6.103999999999999915e+01
6.090999999999999659e+01
6.426999999999999602e+01
6.006000000000000227e+01
6.100000000000000000e+01
4.746000000000000085e+01
6.068999999999999773e+01
6.275000000000000000e+01
6.342000000000000171e+01
6.067000000000000171e+01
6.147999999999999687e+01
5.818999999999999773e+01
4.072999999999999687e+01
6.959000000000000341e+01
6.823000000000000398e+01
6.240999999999999659e+01
6.392000000000000171e+01
6.060999999999999943e+01
6.103000000000000114e+01
6.149000000000000199e+01
4.168999999999999773e+01
5.817000000000000171e+01
5.895000000000000284e+01
3.615999999999999659e+01
4.347999999999999687e+01
5.892999999999999972e+01
5.834000000000000341e+01
6.871999999999999886e+01
5.922999999999999687e+01
6.448000000000000398e+01
4.285000000000000142e+01
4.513000000000000256e+01
4.678000000000000114e+01
6.082999999999999829e+01
6.767000000000000171e+01
5.878999999999999915e+01
4.493999999999999773e+01
6.232999999999999829e+01
3.715999999999999659e+01
5.722999999999999687e+01
5.977000000000000313e+01
6.853000000000000114e+01
5.567999999999999972e+01
6.737000000000000455e+01
6.075000000000000000e+01
5.040999999999999659e+01
6.096000000000000085e+01
6.071999999999999886e+01
5.867000000000000171e+01
6.990000000000000568e+01
4.363000000000000256e+01
6.710999999999999943e+01
3.879999999999999716e+01
5.784000000000000341e+01
5.893999999999999773e+01
5.767999999999999972e+01
4.127000000000000313e+01
4.010999999999999943e+01
4.510000000000000142e+01
6.823999999999999488e+01
5.731000000000000227e+01
6.100999999999999801e+01
6.327000000000000313e+01
7.851999999999999602e+01
7.031000000000000227e+01
8.100000000000000000e+01
6.968999999999999773e+01
7.498999999999999488e+01
6.748999999999999488e+01
9.204000000000000625e+01
6.670000000000000284e+01
6.906000000000000227e+01
3.635999999999999943e+01
7.306000000000000227e+01
6.851999999999999602e+01
7.056000000000000227e+01
6.859999999999999432e+01
4.568999999999999773e+01
6.415000000000000568e+01
6.420000000000000284e+01
6.142999999999999972e+01
6.260000000000000142e+01
6.392999999999999972e+01
2.682999999999999829e+01
2.562000000000000099e+01
2.371000000000000085e+01
2.639999999999999858e+01
2.912000000000000099e+01
2.107000000000000028e+01
2.219000000000000128e+01
2.469000000000000128e+01
3.171000000000000085e+01
2.733999999999999986e+01
2.489000000000000057e+01
2.342999999999999972e+01
2.478999999999999915e+01
2.210999999999999943e+01
2.721000000000000085e+01
2.117999999999999972e+01
2.580000000000000071e+01
2.555999999999999872e+01
6.445000000000000284e+01
5.632999999999999829e+01
8.615000000000000568e+01
7.526999999999999602e+01
6.692000000000000171e+01
2.046999999999999886e+01
2.539000000000000057e+01
3.396000000000000085e+01
2.266000000000000014e+01
3.032999999999999829e+01
4.713000000000000256e+01
6.720000000000000284e+01
6.429000000000000625e+01
3.910999999999999943e+01
3.714999999999999858e+01
6.860999999999999943e+01
6.138000000000000256e+01
6.400000000000000000e+01
4.686999999999999744e+01
5.149000000000000199e+01
4.196999999999999886e+01
6.032000000000000028e+01
6.801000000000000512e+01
6.396999999999999886e+01
6.046999999999999886e+01
6.114000000000000057e+01
6.296999999999999886e+01
7.078000000000000114e+01
7.056000000000000227e+01
7.078000000000000114e+01
7.176000000000000512e+01
2.442000000000000171e+01
2.392999999999999972e+01
3.076000000000000156e+01
2.910000000000000142e+01
2.876999999999999957e+01
2.889999999999999858e+01
1.903000000000000114e+01
2.889000000000000057e+01
2.585999999999999943e+01
2.139999999999999858e+01
2.164999999999999858e+01
7.259999999999999432e+01
2.564000000000000057e+01
3.150000000000000000e+01
2.533999999999999986e+01
2.564000000000000057e+01
2.557999999999999829e+01
2.607999999999999829e+01
2.207999999999999829e+01
2.550000000000000000e+01
2.028999999999999915e+01
1.459999999999999964e+01
1.699900000000000091e+02
1.649799999999999898e+02
2.459300000000000068e+02
1.121700000000000017e+02
6.378999999999999915e+01
6.614000000000000057e+01
6.542000000000000171e+01
7.250000000000000000e+01
6.965999999999999659e+01
6.435999999999999943e+01
6.484000000000000341e+01
6.039000000000000057e+01
2.104300000000000068e+02
1.797899999999999920e+02
1.840399999999999920e+02
2.154499999999999886e+02
1.858600000000000136e+02
2.137299999999999898e+02
9.698000000000000398e+01
8.559000000000000341e+01
4.029999999999999716e+01
3.956000000000000227e+01
5.425000000000000000e+01
6.093999999999999773e+01
6.679000000000000625e+01
5.514000000000000057e+01
1.085199999999999960e+02
7.064000000000000057e+01
7.345999999999999375e+01
6.914000000000000057e+01
6.459999999999999432e+01
6.781000000000000227e+01
8.296999999999999886e+01
7.564000000000000057e+01
8.854000000000000625e+01
7.056000000000000227e+01
7.051999999999999602e+01
7.626000000000000512e+01
8.153000000000000114e+01
8.223999999999999488e+01
8.460999999999999943e+01
9.118000000000000682e+01
8.539000000000000057e+01
7.695000000000000284e+01
6.806999999999999318e+01
7.215000000000000568e+01
7.398999999999999488e+01
6.890000000000000568e+01
6.814000000000000057e+01
6.771999999999999886e+01
7.110999999999999943e+01
6.579999999999999716e+01
6.898000000000000398e+01
6.906999999999999318e+01
7.260999999999999943e+01
8.220999999999999375e+01
8.165999999999999659e+01
7.689000000000000057e+01
7.340000000000000568e+01
8.306000000000000227e+01
6.875000000000000000e+01
6.768000000000000682e+01
7.629999999999999716e+01
6.868999999999999773e+01
6.618000000000000682e+01
6.940000000000000568e+01
6.987000000000000455e+01
6.926000000000000512e+01
6.779999999999999716e+01
3.945000000000000284e+01
4.847999999999999687e+01
3.838000000000000256e+01
6.712000000000000455e+01
6.725000000000000000e+01
6.145000000000000284e+01
3.689000000000000057e+01
6.371000000000000085e+01
7.198999999999999488e+01
6.848999999999999488e+01
6.684000000000000341e+01
8.201000000000000512e+01
7.582999999999999829e+01
7.676000000000000512e+01
7.718999999999999773e+01
6.693999999999999773e+01
6.692000000000000171e+01
7.876000000000000512e+01
7.379000000000000625e+01
6.959000000000000341e+01
8.215000000000000568e+01
7.820999999999999375e+01
7.601999999999999602e+01
7.839000000000000057e+01
7.540999999999999659e+01
7.995000000000000284e+01
8.390999999999999659e+01
6.723999999999999488e+01
6.993000000000000682e+01
7.175000000000000000e+01
7.279999999999999716e+01
7.568000000000000682e+01
7.568000000000000682e+01
7.598999999999999488e+01
8.531000000000000227e+01
8.079999999999999716e+01
7.165000000000000568e+01
7.909000000000000341e+01
7.973999999999999488e+01
7.881999999999999318e+01
7.656000000000000227e+01
9.728000000000000114e+01
1.059699999999999989e+02
1.092699999999999960e+02
1.207800000000000011e+02
1.216200000000000045e+02
1.068900000000000006e+02
8.184999999999999432e+01
1.063700000000000045e+02
8.479000000000000625e+01
8.826999999999999602e+01
9.504000000000000625e+01
8.412999999999999545e+01
9.139000000000000057e+01
9.612000000000000455e+01
8.756999999999999318e+01
1.061899999999999977e+02
1.031299999999999955e+02
6.428000000000000114e+01
3.625299999999999727e+02
3.570299999999999727e+02
3.592599999999999909e+02
4.197999999999999687e+01
4.149000000000000199e+01
3.986999999999999744e+01
4.121999999999999886e+01
4.121999999999999886e+01
4.074000000000000199e+01
4.203999999999999915e+01
3.588100000000000023e+02
3.628999999999999773e+02
3.968999999999999773e+01
4.146000000000000085e+01
5.865999999999999659e+01
6.740000000000000568e+01
7.178000000000000114e+01
6.945999999999999375e+01
6.718000000000000682e+01
6.782999999999999829e+01
7.162999999999999545e+01
6.487999999999999545e+01
6.428000000000000114e+01
6.378000000000000114e+01
7.037000000000000455e+01
6.865999999999999659e+01
6.898999999999999488e+01
6.789000000000000057e+01
6.759999999999999432e+01
6.734000000000000341e+01
6.612999999999999545e+01
7.053000000000000114e+01
6.598000000000000398e+01
6.993000000000000682e+01
6.421999999999999886e+01
6.046999999999999886e+01
6.625000000000000000e+01
6.659000000000000341e+01
7.121999999999999886e+01
7.600000000000000000e+01
7.828000000000000114e+01
7.004000000000000625e+01
6.684000000000000341e+01
1.134200000000000017e+02
9.818999999999999773e+01
1.074000000000000057e+02
1.025000000000000000e+01
1.249000000000000021e+01
3.189499999999999886e+02
2.906600000000000250e+02
2.858799999999999955e+02
1.934499999999999886e+02
1.917100000000000080e+02
2.083999999999999986e+01
3.254900000000000091e+02
3.290299999999999727e+02
3.654399999999999977e+02
4.121999999999999886e+01
4.432999999999999829e+01
4.064999999999999858e+01
5.932000000000000028e+01
5.521000000000000085e+01
6.075000000000000000e+01
6.010999999999999943e+01
5.970000000000000284e+01
6.074000000000000199e+01
4.067000000000000171e+01
6.868000000000000682e+01
6.990999999999999659e+01
3.903999999999999915e+01
5.786999999999999744e+01
5.864000000000000057e+01
3.825000000000000000e+01
6.203999999999999915e+01
6.103000000000000114e+01
5.693999999999999773e+01
8.231000000000000227e+01
5.878999999999999915e+01
5.997999999999999687e+01
3.893999999999999773e+01
5.646000000000000085e+01
5.899000000000000199e+01
5.817999999999999972e+01
5.911999999999999744e+01
6.017999999999999972e+01
6.117000000000000171e+01
6.167000000000000171e+01
6.374000000000000199e+01
4.875999999999999801e+01
4.438000000000000256e+01
6.061999999999999744e+01
6.314000000000000057e+01
4.989000000000000057e+01
6.085999999999999943e+01
7.107999999999999829e+01
5.689999999999999858e+01
5.864999999999999858e+01
5.839999999999999858e+01
6.332000000000000028e+01
6.285000000000000142e+01
6.339000000000000057e+01
6.723000000000000398e+01
7.098000000000000398e+01
6.900000000000000000e+01
6.893999999999999773e+01
6.684999999999999432e+01
6.102000000000000313e+01
4.142000000000000171e+01
4.163000000000000256e+01
6.045000000000000284e+01
6.959000000000000341e+01
6.914000000000000057e+01
8.528000000000000114e+01
4.875999999999999801e+01
1.060199999999999960e+02
6.987000000000000455e+01
6.862999999999999545e+01
6.871999999999999886e+01
7.023000000000000398e+01
6.878000000000000114e+01
6.934000000000000341e+01
6.948000000000000398e+01
6.743999999999999773e+01
6.915000000000000568e+01
6.932999999999999829e+01
6.867000000000000171e+01
6.626000000000000512e+01
6.956999999999999318e+01
6.989000000000000057e+01
6.435999999999999943e+01
6.918000000000000682e+01
8.579999999999999716e+01
3.972999999999999687e+01
5.353000000000000114e+01
6.200999999999999801e+01
1.029200000000000017e+02
1.085499999999999972e+02
1.002399999999999949e+02
1.123599999999999994e+02
1.083499999999999943e+02
1.006200000000000045e+02
9.062000000000000455e+01
6.996999999999999886e+01
2.473999999999999844e+01
1.882000000000000028e+01
2.228000000000000114e+01
2.730000000000000071e+01
2.035999999999999943e+01
2.110000000000000142e+01
2.410000000000000142e+01
2.410999999999999943e+01
2.426000000000000156e+01
2.198999999999999844e+01
4.264000000000000057e+01
4.052000000000000313e+01
6.581999999999999318e+01
7.160999999999999943e+01
7.154999999999999716e+01
1.018400000000000034e+02
4.675999999999999801e+01
6.350999999999999801e+01
9.662999999999999545e+01
9.890999999999999659e+01
1.136500000000000057e+02
7.204000000000000625e+01
7.178000000000000114e+01
6.367000000000000171e+01
5.182999999999999829e+01
4.677000000000000313e+01
6.306000000000000227e+01
4.982999999999999829e+01
4.414999999999999858e+01
4.428000000000000114e+01
6.375000000000000000e+01
5.850000000000000000e+01
4.950999999999999801e+01
5.942999999999999972e+01
6.307000000000000028e+01
3.942000000000000171e+01
5.285999999999999943e+01
6.235000000000000142e+01
5.992000000000000171e+01
5.614000000000000057e+01
5.850000000000000000e+01
6.084000000000000341e+01
6.138000000000000256e+01
6.851000000000000512e+01
6.400000000000000000e+01
6.188000000000000256e+01
6.781000000000000227e+01
5.946999999999999886e+01
6.125000000000000000e+01
6.864000000000000057e+01
6.712999999999999545e+01
6.701999999999999602e+01
7.023999999999999488e+01
6.371999999999999886e+01
6.675000000000000000e+01
6.581000000000000227e+01
7.006000000000000227e+01
6.639000000000000057e+01
7.514000000000000057e+01
6.695999999999999375e+01
6.935999999999999943e+01
5.915999999999999659e+01
3.754999999999999716e+01
6.059000000000000341e+01
4.389999999999999858e+01
6.110000000000000142e+01
6.189999999999999858e+01
6.750000000000000000e+01
7.209999999999999432e+01
6.343999999999999773e+01
6.604999999999999716e+01
4.232999999999999829e+01
4.538000000000000256e+01
4.239000000000000057e+01
6.082000000000000028e+01
6.487999999999999545e+01
7.018000000000000682e+01
6.203999999999999915e+01
3.695000000000000284e+01
6.815999999999999659e+01
6.313000000000000256e+01
6.153000000000000114e+01
3.699000000000000199e+01
6.125000000000000000e+01
6.984000000000000341e+01
6.270000000000000284e+01
6.072999999999999687e+01
6.823999999999999488e+01
1.224699999999999989e+02
1.207900000000000063e+02
5.736999999999999744e+01
6.370000000000000284e+01
3.789000000000000057e+01
6.239999999999999858e+01
4.703999999999999915e+01
7.212000000000000455e+01
6.801000000000000512e+01
6.982999999999999829e+01
7.123000000000000398e+01
6.893999999999999773e+01
7.429999999999999716e+01
6.989000000000000057e+01
6.921999999999999886e+01
7.076000000000000512e+01
6.848000000000000398e+01
6.779000000000000625e+01
6.776000000000000512e+01
6.229999999999999716e+01
6.484999999999999432e+01
6.689000000000000057e+01
6.965000000000000568e+01
6.825000000000000000e+01
6.815999999999999659e+01
6.990000000000000568e+01
6.987999999999999545e+01
6.915999999999999659e+01
6.706000000000000227e+01
6.128000000000000114e+01
6.859999999999999432e+01
6.804000000000000625e+01
6.970000000000000284e+01
4.767999999999999972e+01
6.409999999999999432e+01
6.210999999999999943e+01
6.315999999999999659e+01
7.026000000000000512e+01
6.509999999999999432e+01
7.509000000000000341e+01
6.642000000000000171e+01
6.675000000000000000e+01
7.015000000000000568e+01
6.328999999999999915e+01
6.728000000000000114e+01
6.687000000000000455e+01
6.696999999999999886e+01
6.695999999999999375e+01
6.759000000000000341e+01
6.884000000000000341e+01
6.482999999999999829e+01
9.995999999999999375e+01
6.954999999999999716e+01
6.978000000000000114e+01
4.461999999999999744e+01
6.728000000000000114e+01
5.184000000000000341e+01
6.210000000000000142e+01
6.604999999999999716e+01
5.470000000000000284e+01
5.396000000000000085e+01
5.918999999999999773e+01
5.340999999999999659e+01
7.389000000000000057e+01
5.107999999999999829e+01
3.867999999999999972e+01
5.425999999999999801e+01
9.065000000000000568e+01
4.686999999999999744e+01
6.970000000000000284e+01
5.677000000000000313e+01
3.688000000000000256e+01
5.550999999999999801e+01
7.739000000000000057e+01
8.687999999999999545e+01
6.914000000000000057e+01
6.996999999999999886e+01
9.170999999999999375e+01
6.665999999999999659e+01
6.659999999999999432e+01
3.942999999999999972e+01
3.697999999999999687e+01
3.942000000000000171e+01
3.838000000000000256e+01
3.935999999999999943e+01
6.384000000000000341e+01
6.353999999999999915e+01
6.139999999999999858e+01
9.745999999999999375e+01
8.831999999999999318e+01
8.853000000000000114e+01
9.443999999999999773e+01
8.562000000000000455e+01
8.571999999999999886e+01
7.679999999999999716e+01
6.401999999999999602e+01
6.278999999999999915e+01
6.692000000000000171e+01
1.043599999999999994e+02
7.135999999999999943e+01
7.034000000000000341e+01
1.030699999999999932e+02
1.007000000000000028e+02
1.162000000000000028e+02
1.155499999999999972e+02
9.859000000000000341e+01
3.945000000000000284e+01
5.927000000000000313e+01
5.861999999999999744e+01
7.384999999999999432e+01
6.300999999999999801e+01
8.604000000000000625e+01
7.803000000000000114e+01
7.034999999999999432e+01
7.859000000000000341e+01
6.720999999999999375e+01
8.137999999999999545e+01
7.365999999999999659e+01
7.429000000000000625e+01
7.965999999999999659e+01
6.207999999999999829e+01
9.184999999999999432e+01
7.156000000000000227e+01
8.790999999999999659e+01
7.968000000000000682e+01
9.634999999999999432e+01
6.445999999999999375e+01
8.142000000000000171e+01
7.285999999999999943e+01
6.363000000000000256e+01
6.200000000000000000e+01
8.507999999999999829e+01
8.095999999999999375e+01
5.796000000000000085e+01
8.248000000000000398e+01
7.112999999999999545e+01
6.484000000000000341e+01
7.065000000000000568e+01
7.556000000000000227e+01
7.209000000000000341e+01
6.695999999999999375e+01
7.006000000000000227e+01
7.025000000000000000e+01
5.446000000000000085e+01
6.210000000000000142e+01
7.428000000000000114e+01
7.617000000000000171e+01
6.926999999999999602e+01
7.017000000000000171e+01
7.482999999999999829e+01
6.979999999999999716e+01
1.059500000000000028e+02
1.069000000000000057e+02
6.918000000000000682e+01
1.169099999999999966e+02
4.714999999999999858e+01
3.856000000000000227e+01
4.064999999999999858e+01
5.982999999999999829e+01
5.653000000000000114e+01
5.207999999999999829e+01
6.645999999999999375e+01
5.820000000000000284e+01
6.103999999999999915e+01
6.071000000000000085e+01
5.978999999999999915e+01
6.081000000000000227e+01
8.365999999999999659e+01
9.712000000000000455e+01
8.710999999999999943e+01
1.096099999999999994e+02
9.462000000000000455e+01
8.398999999999999488e+01
7.303000000000000114e+01
1.044899999999999949e+02
8.012000000000000455e+01
9.556999999999999318e+01
6.962999999999999545e+01
5.896000000000000085e+01
6.257000000000000028e+01
3.653999999999999915e+01
5.253000000000000114e+01
6.993999999999999773e+01
1.049899999999999949e+02
8.479000000000000625e+01
8.214000000000000057e+01
6.696999999999999886e+01
6.457999999999999829e+01
6.575000000000000000e+01
6.576999999999999602e+01
6.525000000000000000e+01
4.027000000000000313e+01
4.565999999999999659e+01
6.812999999999999545e+01
7.307999999999999829e+01
7.231000000000000227e+01
7.282999999999999829e+01
3.703000000000000114e+01
5.631000000000000227e+01
6.003000000000000114e+01
5.692999999999999972e+01
3.836999999999999744e+01
3.867999999999999972e+01
4.567999999999999972e+01
6.856999999999999318e+01
6.637999999999999545e+01
7.845999999999999375e+01
5.045000000000000284e+01
3.645000000000000284e+01
6.353000000000000114e+01
6.718000000000000682e+01
3.621999999999999886e+01
6.637999999999999545e+01
6.937999999999999545e+01
6.932999999999999829e+01
3.775000000000000000e+01
7.003000000000000114e+01
6.517000000000000171e+01
6.706000000000000227e+01
6.745000000000000284e+01
6.368999999999999773e+01
3.665999999999999659e+01
3.685000000000000142e+01
6.673999999999999488e+01
3.439999999999999858e+01
7.648000000000000398e+01
6.010000000000000142e+01
6.021000000000000085e+01
6.035999999999999943e+01
4.650000000000000000e+01
3.940999999999999659e+01
6.045000000000000284e+01
5.984000000000000341e+01
6.277000000000000313e+01
3.956000000000000227e+01
3.678999999999999915e+01
3.982999999999999829e+01
7.039000000000000057e+01
6.601000000000000512e+01
6.178000000000000114e+01
6.103999999999999915e+01
6.165999999999999659e+01
5.079999999999999716e+01
6.543000000000000682e+01
3.772999999999999687e+01
6.701000000000000512e+01
5.996999999999999886e+01
6.192999999999999972e+01
6.810999999999999943e+01
3.774000000000000199e+01
4.003999999999999915e+01
6.721999999999999886e+01
3.685000000000000142e+01
6.678000000000000114e+01
6.725000000000000000e+01
5.078999999999999915e+01
6.985999999999999943e+01
6.659999999999999432e+01
7.001999999999999602e+01
3.664999999999999858e+01
3.690999999999999659e+01
6.889000000000000057e+01
6.764000000000000057e+01
1.037699999999999960e+02
6.459000000000000341e+01
6.926999999999999602e+01
6.935999999999999943e+01
6.951000000000000512e+01
6.940000000000000568e+01
6.968000000000000682e+01
6.868000000000000682e+01
6.965000000000000568e+01
6.384000000000000341e+01
6.640999999999999659e+01
6.982999999999999829e+01
6.968000000000000682e+01
6.575000000000000000e+01
6.990999999999999659e+01
6.965000000000000568e+01
6.993000000000000682e+01
6.865999999999999659e+01
6.926000000000000512e+01
6.160000000000000142e+01
6.895999999999999375e+01
6.757999999999999829e+01
6.740999999999999659e+01
6.912999999999999545e+01
6.174000000000000199e+01
6.956999999999999318e+01
7.081999999999999318e+01
7.060999999999999943e+01
6.601000000000000512e+01
6.504999999999999716e+01
5.502000000000000313e+01
5.203999999999999915e+01
5.459000000000000341e+01
6.856999999999999318e+01
6.718999999999999773e+01
6.651000000000000512e+01
7.034000000000000341e+01
6.715000000000000568e+01
7.268000000000000682e+01
8.634999999999999432e+01
6.657999999999999829e+01
6.692000000000000171e+01
6.715000000000000568e+01
6.709000000000000341e+01
6.693000000000000682e+01
6.937000000000000455e+01
7.078000000000000114e+01
7.018999999999999773e+01
3.935000000000000142e+01
6.490000000000000568e+01
6.729999999999999716e+01
6.909999999999999432e+01
6.775000000000000000e+01
6.818000000000000682e+01
6.971999999999999886e+01
7.018000000000000682e+01
6.995999999999999375e+01
6.909000000000000341e+01
3.893999999999999773e+01
3.882000000000000028e+01
4.317999999999999972e+01
5.464999999999999858e+01
4.099000000000000199e+01
7.812000000000000455e+01
6.990000000000000568e+01
6.725000000000000000e+01
7.662000000000000455e+01
8.137999999999999545e+01
9.981000000000000227e+01
9.848000000000000398e+01
6.617000000000000171e+01
4.035000000000000142e+01
5.368999999999999773e+01
4.874000000000000199e+01
1.044000000000000057e+02
9.201000000000000512e+01
8.718000000000000682e+01
8.254999999999999716e+01
8.378000000000000114e+01
8.562999999999999545e+01
3.952000000000000313e+01
3.954999999999999716e+01
3.636999999999999744e+01
3.713000000000000256e+01
3.821000000000000085e+01
3.932999999999999829e+01
3.907999999999999829e+01
9.704000000000000625e+01
1.077000000000000028e+02
6.714000000000000057e+01
8.101999999999999602e+01
6.717000000000000171e+01
6.352000000000000313e+01
3.971999999999999886e+01
5.363000000000000256e+01
7.928000000000000114e+01
6.681999999999999318e+01
8.301000000000000512e+01
6.942000000000000171e+01
1.198100000000000023e+02
1.092699999999999960e+02
5.867999999999999972e+01
7.040999999999999659e+01
7.682999999999999829e+01
7.087000000000000455e+01
6.662000000000000455e+01
6.665999999999999659e+01
7.921999999999999886e+01
8.978000000000000114e+01
7.126000000000000512e+01
7.243000000000000682e+01
7.584000000000000341e+01
8.607999999999999829e+01
7.912000000000000455e+01
7.071999999999999886e+01
9.123000000000000398e+01
7.567000000000000171e+01
6.437000000000000455e+01
7.093000000000000682e+01
6.475000000000000000e+01
6.634999999999999432e+01
1.098799999999999955e+02
6.714000000000000057e+01
6.378000000000000114e+01
7.275000000000000000e+01
7.012999999999999545e+01
7.785999999999999943e+01
6.864000000000000057e+01
7.604000000000000625e+01
5.528000000000000114e+01
7.329000000000000625e+01
7.295999999999999375e+01
6.892000000000000171e+01
6.456000000000000227e+01
7.368999999999999773e+01
6.767000000000000171e+01
6.781999999999999318e+01
6.912999999999999545e+01
8.840999999999999659e+01
6.840000000000000568e+01
9.517000000000000171e+01
7.420999999999999375e+01
7.365000000000000568e+01
5.840999999999999659e+01
8.492000000000000171e+01
9.115000000000000568e+01
8.498000000000000398e+01
8.400000000000000000e+01
7.045999999999999375e+01
6.667000000000000171e+01
7.990999999999999659e+01
8.239000000000000057e+01
3.907000000000000028e+01
8.148999999999999488e+01
3.379999999999999716e+01
3.267999999999999972e+01
3.368999999999999773e+01
3.531000000000000227e+01
3.217000000000000171e+01
3.228999999999999915e+01
3.536999999999999744e+01
3.157999999999999829e+01
3.432000000000000028e+01
6.395000000000000284e+01
8.623999999999999488e+01
6.998999999999999488e+01
6.418999999999999773e+01
3.132999999999999829e+01
3.511999999999999744e+01
3.178999999999999915e+01
3.328000000000000114e+01
2.451000000000000156e+01
7.342000000000000171e+01
6.828000000000000114e+01
6.397999999999999687e+01
4.167999999999999972e+01
4.115999999999999659e+01
4.197999999999999687e+01
4.253000000000000114e+01
4.227000000000000313e+01
3.763000000000000256e+01
4.032000000000000028e+01
4.025000000000000000e+01
1.062699999999999960e+02
8.817000000000000171e+01
8.164000000000000057e+01
8.004000000000000625e+01
6.840000000000000568e+01
7.915999999999999659e+01
1.016299999999999955e+02
6.751999999999999602e+01
8.351000000000000512e+01
7.945999999999999375e+01
7.034999999999999432e+01
9.990000000000000568e+01
7.257999999999999829e+01
7.420999999999999375e+01
9.157999999999999829e+01
1.058299999999999983e+02
1.073599999999999994e+02
1.094000000000000057e+02
8.859000000000000341e+01
2.533999999999999986e+01
1.427999999999999936e+01
1.213100000000000023e+02
7.337999999999999545e+01
8.784000000000000341e+01
4.299000000000000199e+01
6.385999999999999943e+01
7.032999999999999829e+01
6.286999999999999744e+01
7.101000000000000512e+01
6.299000000000000199e+01
7.542000000000000171e+01
7.584999999999999432e+01
4.236999999999999744e+01
3.997999999999999687e+01
4.352000000000000313e+01
7.715000000000000568e+01
6.609999999999999432e+01
7.918000000000000682e+01
7.101999999999999602e+01
7.985999999999999943e+01
8.040000000000000568e+01
8.978000000000000114e+01
7.937999999999999545e+01
6.581999999999999318e+01
6.467000000000000171e+01
6.801999999999999602e+01
1.004699999999999989e+02
9.492000000000000171e+01
7.626999999999999602e+01
6.884000000000000341e+01
8.278000000000000114e+01
7.368000000000000682e+01
5.699000000000000199e+01
6.203999999999999915e+01
6.171000000000000085e+01
5.847999999999999687e+01
6.987000000000000455e+01
7.064000000000000057e+01
6.100000000000000000e+01
6.412999999999999545e+01
7.442000000000000171e+01
4.925999999999999801e+01
6.425000000000000000e+01
6.359000000000000341e+01
6.859999999999999432e+01
6.338000000000000256e+01
8.245999999999999375e+01
6.392000000000000171e+01
1.011099999999999994e+02
8.968999999999999773e+01
6.934999999999999432e+01
6.281000000000000227e+01
6.679999999999999716e+01
7.093999999999999773e+01
2.539000000000000057e+01
6.534999999999999432e+01
5.467000000000000171e+01
1.042300000000000040e+02
1.067000000000000028e+02
6.920000000000000284e+01
8.826999999999999602e+01
7.406999999999999318e+01
6.479000000000000625e+01
5.472999999999999687e+01
5.953000000000000114e+01
6.890999999999999659e+01
6.740999999999999659e+01
9.481000000000000227e+01
9.882999999999999829e+01
6.484999999999999432e+01
1.156200000000000045e+02
6.790000000000000568e+01
6.793999999999999773e+01
6.570999999999999375e+01
6.570000000000000284e+01
6.007999999999999829e+01
6.107000000000000028e+01
5.945000000000000284e+01
6.006000000000000227e+01
3.771999999999999886e+01
6.840000000000000568e+01
6.429000000000000625e+01
6.759999999999999432e+01
3.729999999999999716e+01
6.514000000000000057e+01
6.690000000000000568e+01
6.937000000000000455e+01
6.918999999999999773e+01
6.690999999999999659e+01
6.052000000000000313e+01
6.515000000000000568e+01
6.975000000000000000e+01
6.690000000000000568e+01
1.040699999999999932e+02
6.765999999999999659e+01
7.806999999999999318e+01
7.232999999999999829e+01
9.887000000000000455e+01
6.715999999999999659e+01
6.623999999999999488e+01
3.885999999999999943e+01
6.426000000000000512e+01
7.281000000000000227e+01
1.132300000000000040e+02
5.874000000000000199e+01
8.323999999999999488e+01
3.155999999999999872e+01
1.142399999999999949e+02
5.221999999999999886e+01
5.411999999999999744e+01
5.560000000000000142e+01
6.989000000000000057e+01
7.239000000000000057e+01
7.445000000000000284e+01
9.634000000000000341e+01
6.648999999999999488e+01
6.271999999999999886e+01
7.054000000000000625e+01
6.537999999999999545e+01
1.137300000000000040e+02
7.073000000000000398e+01
6.984999999999999432e+01
7.198000000000000398e+01
6.321000000000000085e+01
6.926999999999999602e+01
6.989000000000000057e+01
7.368000000000000682e+01
7.415999999999999659e+01
6.564000000000000057e+01
7.148000000000000398e+01
6.642000000000000171e+01
6.768000000000000682e+01
6.629999999999999716e+01
6.723000000000000398e+01
6.856999999999999318e+01
7.826999999999999602e+01
6.250000000000000000e+01
6.245000000000000284e+01
3.814999999999999858e+01
6.904999999999999716e+01
8.446999999999999886e+01
1.029599999999999937e+02
7.520000000000000284e+01
8.793000000000000682e+01
1.075300000000000011e+02
6.842000000000000171e+01
6.625000000000000000e+01
6.193999999999999773e+01
1.011500000000000057e+02
7.595999999999999375e+01
1.200600000000000023e+02
1.065300000000000011e+02
6.856999999999999318e+01
8.525000000000000000e+01
1.109699999999999989e+02
9.431999999999999318e+01
9.498999999999999488e+01
1.040999999999999943e+02
6.773000000000000398e+01
6.970000000000000284e+01
6.371000000000000085e+01
9.250000000000000000e+01
6.682999999999999829e+01
7.445999999999999375e+01
5.840999999999999659e+01
6.032999999999999829e+01
6.656000000000000227e+01
7.684000000000000341e+01
6.732999999999999829e+01
6.781999999999999318e+01
6.806000000000000227e+01
1.088900000000000006e+02
6.693999999999999773e+01
8.282999999999999829e+01
8.731999999999999318e+01
9.956000000000000227e+01
9.982999999999999829e+01
8.159999999999999432e+01
7.889000000000000057e+01
6.929000000000000625e+01
7.910999999999999943e+01
6.803000000000000114e+01
7.895000000000000284e+01
5.264999999999999858e+01
1.044200000000000017e+02
6.989000000000000057e+01
6.882999999999999829e+01
9.893000000000000682e+01
1.007600000000000051e+02
6.442000000000000171e+01
6.981000000000000227e+01
5.492999999999999972e+01
5.914999999999999858e+01
8.701999999999999602e+01
6.509000000000000341e+01
6.828000000000000114e+01
5.631000000000000227e+01
6.264999999999999858e+01
6.439000000000000057e+01
5.813000000000000256e+01
6.082999999999999829e+01
6.687999999999999545e+01
6.935999999999999943e+01
6.728000000000000114e+01
6.890999999999999659e+01
7.045000000000000284e+01
7.351000000000000512e+01
6.712000000000000455e+01
6.388000000000000256e+01
3.704999999999999716e+01
1.063900000000000006e+02
7.201999999999999602e+01
4.957000000000000028e+01
5.271999999999999886e+01
9.968999999999999773e+01
1.025499999999999972e+02
1.178199999999999932e+02
1.340099999999999909e+02
9.717000000000000171e+01
9.729000000000000625e+01
1.417100000000000080e+02
6.122999999999999687e+01
1.090100000000000051e+02
6.731999999999999318e+01
7.079000000000000625e+01
7.000000000000000000e+01
6.664000000000000057e+01
7.226000000000000512e+01
5.780000000000000249e+00
7.881000000000000227e+01
9.998999999999999488e+01
8.332999999999999829e+01
8.560999999999999943e+01
9.157999999999999829e+01
3.654700000000000273e+02
2.455000000000000071e+01
2.471000000000000085e+01
4.054999999999999716e+01
3.530400000000000205e+02
6.085999999999999943e+01
6.693000000000000682e+01
6.875000000000000000e+01
6.953000000000000114e+01
9.526999999999999602e+01
1.755500000000000114e+02
2.455300000000000011e+02
2.348199999999999932e+02
1.841599999999999966e+02
7.168000000000000682e+01
6.687000000000000455e+01
8.884999999999999432e+01
7.942000000000000171e+01
6.914000000000000057e+01
6.529999999999999716e+01
6.959000000000000341e+01
7.020000000000000284e+01
6.343999999999999773e+01
7.073999999999999488e+01
8.464000000000000057e+01
7.987000000000000455e+01
6.714000000000000057e+01
1.453000000000000114e+02
9.603000000000000114e+01
9.301000000000000512e+01
8.020000000000000284e+01
9.268000000000000682e+01
7.065999999999999659e+01
6.668999999999999773e+01
8.006000000000000227e+01
8.681999999999999318e+01
1.736800000000000068e+02
6.990999999999999659e+01
6.521999999999999886e+01
6.818999999999999773e+01
6.020000000000000284e+01
6.286999999999999744e+01
6.803000000000000114e+01
6.406999999999999318e+01
6.479999999999999716e+01
1.183799999999999955e+02
9.584000000000000341e+01
5.571999999999999886e+01
1.047300000000000040e+02
9.215999999999999659e+01
6.992000000000000171e+01
6.781000000000000227e+01
6.859999999999999432e+01
6.392999999999999972e+01
6.498999999999999488e+01
7.118000000000000682e+01
6.367000000000000171e+01
7.193000000000000682e+01
2.339999999999999858e+01
1.985000000000000142e+01
6.500000000000000000e+01
5.981000000000000227e+01
6.979999999999999716e+01
6.049000000000000199e+01
6.448000000000000398e+01
6.322999999999999687e+01
6.803000000000000114e+01
4.307000000000000028e+01
4.015999999999999659e+01
3.942999999999999972e+01
1.805099999999999909e+02
6.992000000000000171e+01
4.414999999999999858e+01
6.771999999999999886e+01
7.084000000000000341e+01
2.242000000000000171e+01
4.239999999999999858e+01
2.362000000000000099e+01
4.000999999999999801e+01
6.415999999999999659e+01
6.375000000000000000e+01
6.693000000000000682e+01
6.178000000000000114e+01
6.912999999999999545e+01
7.257999999999999829e+01
6.523999999999999488e+01
6.010999999999999943e+01
6.825000000000000000e+01
6.154999999999999716e+01
6.065999999999999659e+01
6.970000000000000284e+01
9.121999999999999886e+01
7.512000000000000455e+01
6.920999999999999375e+01
6.751999999999999602e+01
6.442000000000000171e+01
6.275000000000000000e+01
8.057999999999999829e+01
8.862999999999999545e+01
9.739000000000000057e+01
1.142199999999999989e+02
5.861999999999999744e+01
4.190999999999999659e+01
1.209599999999999937e+02
7.859000000000000341e+01
7.748999999999999488e+01
6.515000000000000568e+01
6.285000000000000142e+01
6.481000000000000227e+01
6.709999999999999432e+01
6.720999999999999375e+01
7.990000000000000568e+01
8.626999999999999602e+01
5.853000000000000114e+01
8.554999999999999716e+01
6.359000000000000341e+01
6.243999999999999773e+01
6.039000000000000057e+01
6.598999999999999488e+01
6.568000000000000682e+01
9.093000000000000682e+01
5.792000000000000171e+01
6.573000000000000398e+01
1.070000000000000000e+02
9.887000000000000455e+01
1.065900000000000034e+02
9.445999999999999375e+01
1.075799999999999983e+02
7.223000000000000398e+01
1.064599999999999937e+02
1.297899999999999920e+02
7.493999999999999773e+01
8.037999999999999545e+01
7.343999999999999773e+01
6.923000000000000398e+01
7.456999999999999318e+01
7.962000000000000455e+01
8.540999999999999659e+01
6.950000000000000000e+01
6.242999999999999972e+01
6.612000000000000455e+01
9.096999999999999886e+01
9.476000000000000512e+01
9.609999999999999432e+01
1.004599999999999937e+02
9.484999999999999432e+01
3.703000000000000114e+01
3.600000000000000000e+01
3.770000000000000284e+01
3.742999999999999972e+01
3.882000000000000028e+01
8.210999999999999943e+01
5.490999999999999659e+01
7.428000000000000114e+01
6.646999999999999886e+01
6.496999999999999886e+01
1.776100000000000136e+02
2.450800000000000125e+02
2.439799999999999898e+02
2.469399999999999977e+02
2.414399999999999977e+02
1.798700000000000045e+02
2.449499999999999886e+02
1.690500000000000114e+02
6.125000000000000000e+01
2.445699999999999932e+02
1.737700000000000102e+02
2.413000000000000114e+02
2.360500000000000114e+02
7.370999999999999375e+01
6.720999999999999375e+01
7.553000000000000114e+01
7.829999999999999716e+01
8.431000000000000227e+01
6.381000000000000227e+01
7.706999999999999318e+01
6.429000000000000625e+01
9.393999999999999773e+01
7.965999999999999659e+01
8.431000000000000227e+01
6.879999999999999716e+01
8.354000000000000625e+01
7.793000000000000682e+01
6.360999999999999943e+01
9.068000000000000682e+01
9.204999999999999716e+01
1.016400000000000006e+02
7.768999999999999773e+01
6.701999999999999602e+01
8.987000000000000455e+01
9.087000000000000455e+01
9.720999999999999375e+01
6.681999999999999318e+01
7.015000000000000568e+01
6.981999999999999318e+01
6.989000000000000057e+01
6.347999999999999687e+01
6.432999999999999829e+01
7.581999999999999318e+01
7.254000000000000625e+01
7.248999999999999488e+01
7.989000000000000057e+01
1.143100000000000023e+02
7.745000000000000284e+01
7.423999999999999488e+01
6.084000000000000341e+01
6.631999999999999318e+01
9.818999999999999773e+01
6.990999999999999659e+01
7.868999999999999773e+01
8.162000000000000455e+01
6.186999999999999744e+01
8.571999999999999886e+01
7.135999999999999943e+01
6.637999999999999545e+01
6.990000000000000568e+01
6.748000000000000398e+01
1.128700000000000045e+02
4.018999999999999773e+01
9.045999999999999375e+01
7.287000000000000455e+01
5.813000000000000256e+01
6.388000000000000256e+01
6.303999999999999915e+01
3.573199999999999932e+02
7.068000000000000682e+01
5.782000000000000028e+01
5.806000000000000227e+01
6.662000000000000455e+01
6.973999999999999488e+01
6.568999999999999773e+01
6.851000000000000512e+01
6.431000000000000227e+01
6.659000000000000341e+01
7.473999999999999488e+01
6.071999999999999886e+01
7.895999999999999375e+01
7.064000000000000057e+01
8.360999999999999943e+01
6.553000000000000114e+01
6.685999999999999943e+01
6.685999999999999943e+01
6.682999999999999829e+01
6.161999999999999744e+01
6.232000000000000028e+01
8.150000000000000000e+01
6.723999999999999488e+01
2.439399999999999977e+02
6.998999999999999488e+01
6.989000000000000057e+01
6.404000000000000625e+01
1.043799999999999955e+02
2.519999999999999929e+01
8.840999999999999659e+01
4.021999999999999886e+01
6.990000000000000568e+01
8.334999999999999432e+01
3.867000000000000171e+01
2.283999999999999986e+01
3.407999999999999829e+01
5.397999999999999687e+01
2.923999999999999844e+01
6.389999999999999858e+01
6.120000000000000284e+01
7.195999999999999375e+01
9.106000000000000227e+01
8.593999999999999773e+01
3.689999999999999858e+01
4.147999999999999687e+01
9.042000000000000171e+01
9.290000000000000568e+01
1.108100000000000023e+02
7.676999999999999602e+01
1.511899999999999977e+02
2.303000000000000114e+01
1.489000000000000057e+01
2.471000000000000085e+01
2.792999999999999972e+01
9.581999999999999318e+01
1.016299999999999955e+02
9.971999999999999886e+01
8.670999999999999375e+01
8.556000000000000227e+01
6.826000000000000512e+01
7.442000000000000171e+01
6.768999999999999773e+01
1.050400000000000063e+02
4.145000000000000284e+01
4.346000000000000085e+01
3.910999999999999943e+01
3.857000000000000028e+01
4.300000000000000000e+01
4.320000000000000284e+01
4.314000000000000057e+01
4.297999999999999687e+01
8.559999999999999432e+01
7.493999999999999773e+01
1.200199999999999960e+02
9.826000000000000512e+01
7.290999999999999659e+01
7.512000000000000455e+01
8.923999999999999488e+01
9.014000000000000057e+01
7.606999999999999318e+01
9.079999999999999716e+01
6.382000000000000028e+01
8.145000000000000284e+01
7.904999999999999716e+01
8.996999999999999886e+01
7.131000000000000227e+01
6.968000000000000682e+01
6.161999999999999744e+01
5.879999999999999716e+01
4.315999999999999659e+01
4.129999999999999716e+01
4.185000000000000142e+01
3.778999999999999915e+01
4.250000000000000000e+01
3.750000000000000000e+01
4.034000000000000341e+01
4.288000000000000256e+01
3.979999999999999716e+01
1.023599999999999994e+02
1.128499999999999943e+02
1.139000000000000057e+02
1.169599999999999937e+02
1.070900000000000034e+02
6.585999999999999943e+01
7.803000000000000114e+01
1.001800000000000068e+02
1.006500000000000057e+02
1.063100000000000023e+02
9.167000000000000171e+01
8.543000000000000682e+01
6.034000000000000341e+01
7.217000000000000171e+01
1.077999999999999972e+02
1.088499999999999943e+02
7.351999999999999602e+01
6.537000000000000455e+01
6.654999999999999716e+01
1.034899999999999949e+02
6.601000000000000512e+01
7.620000000000000284e+01
6.293999999999999773e+01
6.414000000000000057e+01
6.445000000000000284e+01
6.425000000000000000e+01
6.460999999999999943e+01
7.429999999999999716e+01
6.357999999999999829e+01
6.182999999999999829e+01
1.238400000000000034e+02
6.650000000000000000e+01
6.601000000000000512e+01
7.023999999999999488e+01
7.306999999999999318e+01
6.386999999999999744e+01
6.554000000000000625e+01
6.415999999999999659e+01
6.637000000000000455e+01
5.792000000000000171e+01
5.304999999999999716e+01
5.296000000000000085e+01
6.979999999999999716e+01
7.128000000000000114e+01
6.665000000000000568e+01
7.432999999999999829e+01
6.632999999999999829e+01
6.723000000000000398e+01
1.084800000000000040e+02
6.115999999999999659e+01
6.718999999999999773e+01
6.032000000000000028e+01
6.784999999999999432e+01
6.179999999999999716e+01
6.193999999999999773e+01
7.020000000000000284e+01
9.384999999999999432e+01
6.404000000000000625e+01
8.451000000000000512e+01
6.798999999999999488e+01
5.725000000000000000e+01
6.504999999999999716e+01
6.278999999999999915e+01
7.604000000000000625e+01
8.206999999999999318e+01
9.576000000000000512e+01
9.468999999999999773e+01
9.698000000000000398e+01
7.151000000000000512e+01
9.534000000000000341e+01
4.274000000000000199e+01
7.934000000000000341e+01
6.468999999999999773e+01
6.717000000000000171e+01
6.526999999999999602e+01
7.701000000000000512e+01
5.860999999999999943e+01
6.445000000000000284e+01
5.739000000000000057e+01
1.051299999999999955e+02
8.887999999999999545e+01
6.992000000000000171e+01
7.712000000000000455e+01
8.570000000000000284e+01
2.764000000000000057e+01
2.264000000000000057e+01
8.284000000000000341e+01
9.598999999999999488e+01
6.390999999999999659e+01
6.606999999999999318e+01
8.534999999999999432e+01
8.914000000000000057e+01
2.994100000000000250e+02
6.075000000000000000e+01
6.017000000000000171e+01
6.412999999999999545e+01
6.357999999999999829e+01
3.570000000000000284e+01
7.595000000000000284e+01
6.968000000000000682e+01
3.019999999999999929e+01
3.660999999999999943e+01
3.331000000000000227e+01
3.410999999999999943e+01
6.409000000000000341e+01
6.556999999999999318e+01
2.807900000000000205e+02
2.909399999999999977e+02
2.863500000000000227e+02
3.929999999999999716e+01
4.482999999999999829e+01
1.386299999999999955e+02
1.467299999999999898e+02
6.768999999999999773e+01
6.993999999999999773e+01
7.907999999999999829e+01
8.153000000000000114e+01
1.007699999999999960e+02
1.035900000000000034e+02
2.210999999999999943e+01
3.592999999999999972e+01
1.189999999999999947e+00
2.992000000000000171e+01
3.893999999999999773e+01
3.595000000000000284e+01
3.595000000000000284e+01
3.595000000000000284e+01
3.595000000000000284e+01
3.595000000000000284e+01
3.595000000000000284e+01
3.595000000000000284e+01
3.595000000000000284e+01
3.595000000000000284e+01
3.595000000000000284e+01
3.595000000000000284e+01
4.317999999999999972e+01
3.907000000000000028e+01
4.363000000000000256e+01
3.636999999999999744e+01
3.859000000000000341e+01
6.998999999999999488e+01
5.959000000000000341e+01
5.836999999999999744e+01
4.192999999999999972e+01
3.992000000000000171e+01
4.236999999999999744e+01
5.140999999999999659e+01
4.432000000000000028e+01
4.128999999999999915e+01
4.093999999999999773e+01
4.256000000000000227e+01
4.450000000000000000e+01
6.401000000000000512e+01
1.056599999999999966e+02
1.010699999999999932e+02
6.764000000000000057e+01
1.075600000000000023e+02
7.828000000000000114e+01
6.560999999999999943e+01
6.679999999999999716e+01
6.609000000000000341e+01
6.790000000000000568e+01
6.245000000000000284e+01
6.114999999999999858e+01
6.537999999999999545e+01
6.439000000000000057e+01
6.310000000000000142e+01
6.065999999999999659e+01
6.534999999999999432e+01
6.011999999999999744e+01
3.636999999999999744e+01
5.652000000000000313e+01
6.570000000000000284e+01
6.573999999999999488e+01
7.975000000000000000e+01
6.540999999999999659e+01
6.887999999999999545e+01
5.849000000000000199e+01
5.817000000000000171e+01
4.267999999999999972e+01
5.153000000000000114e+01
4.659000000000000341e+01
4.640999999999999659e+01
6.512000000000000455e+01
6.127000000000000313e+01
6.921999999999999886e+01
6.659000000000000341e+01
6.920000000000000284e+01
6.923999999999999488e+01
6.704999999999999716e+01
6.732999999999999829e+01
6.743000000000000682e+01
6.071000000000000085e+01
6.515999999999999659e+01
6.859999999999999432e+01
6.082999999999999829e+01
6.806000000000000227e+01
4.490999999999999659e+01
4.639999999999999858e+01
6.993999999999999773e+01
6.504000000000000625e+01
6.681000000000000227e+01
1.008700000000000045e+02
8.942000000000000171e+01
6.243999999999999773e+01
6.595000000000000284e+01
6.003999999999999915e+01
3.942000000000000171e+01
5.938000000000000256e+01
6.086999999999999744e+01
6.490999999999999659e+01
5.877000000000000313e+01
6.131000000000000227e+01
5.928999999999999915e+01
5.836999999999999744e+01
6.109000000000000341e+01
6.284000000000000341e+01
6.706000000000000227e+01
6.088000000000000256e+01
7.001999999999999602e+01
6.092000000000000171e+01
6.462999999999999545e+01
6.172999999999999687e+01
5.146999999999999886e+01
6.377000000000000313e+01
6.136999999999999744e+01
6.045000000000000284e+01
6.115999999999999659e+01
5.085000000000000142e+01
6.690000000000000568e+01
5.128000000000000114e+01
6.117999999999999972e+01
6.264000000000000057e+01
6.612000000000000455e+01
6.064999999999999858e+01
6.379999999999999716e+01
6.285000000000000142e+01
5.811999999999999744e+01
6.050000000000000000e+01
6.662999999999999545e+01
6.286999999999999744e+01
6.152000000000000313e+01
6.393999999999999773e+01
6.367999999999999972e+01
5.168999999999999773e+01
5.774000000000000199e+01
6.706000000000000227e+01
7.046999999999999886e+01
5.925000000000000000e+01
4.549000000000000199e+01
6.953000000000000114e+01
6.361999999999999744e+01
5.935000000000000142e+01
6.125999999999999801e+01
6.074000000000000199e+01
5.693999999999999773e+01
6.181000000000000227e+01
5.749000000000000199e+01
5.903000000000000114e+01
5.825999999999999801e+01
4.197999999999999687e+01
5.700999999999999801e+01
4.729999999999999716e+01
6.128000000000000114e+01
5.865999999999999659e+01
5.263000000000000256e+01
6.075000000000000000e+01
5.971999999999999886e+01
4.050999999999999801e+01
4.225000000000000000e+01
6.102000000000000313e+01
5.892000000000000171e+01
6.007000000000000028e+01
5.881000000000000227e+01
5.845000000000000284e+01
6.060000000000000142e+01
6.059000000000000341e+01
5.922999999999999687e+01
5.824000000000000199e+01
5.799000000000000199e+01
5.453000000000000114e+01
5.517999999999999972e+01
4.460999999999999943e+01
6.160000000000000142e+01
6.072999999999999687e+01
6.097999999999999687e+01
5.907000000000000028e+01
6.078999999999999915e+01
4.125999999999999801e+01
6.149000000000000199e+01
6.623999999999999488e+01
6.528000000000000114e+01
4.510000000000000142e+01
3.610000000000000142e+01
5.929999999999999716e+01
6.372999999999999687e+01
4.321999999999999886e+01
4.346000000000000085e+01
3.784000000000000341e+01
3.393999999999999773e+01
8.821999999999999886e+01
3.069999999999999929e+01
2.992999999999999972e+01
3.257999999999999829e+01
9.199999999999999289e+00
2.146000000000000085e+01
2.548999999999999844e+01
2.501000000000000156e+01
2.325000000000000000e+01
1.926999999999999957e+01
1.050000000000000000e+01
2.721000000000000085e+01
1.192999999999999972e+01
1.303999999999999915e+01
4.540000000000000036e+00
1.235999999999999943e+01
9.160000000000000142e+00
8.119999999999999218e+00
3.209000000000000341e+01
2.187999999999999901e+01
2.314000000000000057e+01
1.008000000000000007e+01
1.008000000000000007e+01
1.887000000000000099e+01
1.148000000000000043e+01
1.077999999999999936e+01
1.108000000000000007e+01
2.160000000000000142e+01
1.463000000000000078e+01
1.463000000000000078e+01
1.205000000000000071e+01
6.410000000000000142e+00
1.447000000000000064e+01
2.444999999999999929e+01
1.482000000000000028e+01
1.552999999999999936e+01
9.050000000000000711e+00
1.027999999999999936e+01
9.869999999999999218e+00
3.209000000000000341e+01
2.171000000000000085e+01
2.225000000000000000e+01
2.225000000000000000e+01
1.022000000000000064e+01
1.483000000000000007e+01
1.111999999999999922e+01
1.422000000000000064e+01
2.419999999999999929e+01
3.026999999999999957e+01
2.746999999999999886e+01
9.054000000000000625e+01
8.084000000000000341e+01
8.617000000000000171e+01
8.348000000000000398e+01
8.167000000000000171e+01
8.948999999999999488e+01
8.948999999999999488e+01
7.465999999999999659e+01
7.629000000000000625e+01
7.693999999999999773e+01
7.584999999999999432e+01
7.462000000000000455e+01
